{
  "46_11-GRINDFAUL_0": {
        "tilt_angle": -0.012217304763960306,
        "camera_angle_hei": 1.1519173063162575,
        "nbr_frames": 4.0,
        "hei": 2048.0,
        "camera_angle_wid_img": 1.6691408910113876,
        "overlapPix_wid_img": 242.0,
        "degPerPix_wid_img": 0.03113109650639917,
        "camera_angle_wid_pano": 6.283185307179586,
        "cx": 1536.0,
        "cy": 1024.0,
        "wid": 3072.0,
        "file_path": "seasonScapes/data/2024-05-11/00-20-00/imagesPlane/46_11-GRINDFAUL_0.jpg",
        "transform_matrix": [
            [
                0.9680017232894897,
                -0.008069662377238274,
                -0.25081366300582886,
                7.999489784240723
            ],
            [
                -0.2507151961326599,
                0.01152021437883377,
                -0.96799236536026,
                46.67496871948242
            ],
            [
                0.010700798593461514,
                0.9999010562896729,
                0.00912840012460947,
                2685.0
            ],
            [
                0.0,
                0.0,
                0.0,
                1.0
            ]
        ],
        "fx": 1879.08935546875,
        "fy": 2438.131103515625,
        "k1": 0.0,
        "k2": 0.0,
        "p1": 0.0,
        "p2": 0.0,
        "k3": 0.0,
        "k4": 0.0,
        "k5": 0.0,
        "k6": 0.0
    },
    "47_11-GRINDFAUL_1": {
        "tilt_angle": -0.012217304763960306,
        "camera_angle_hei": 1.1519173063162575,
        "nbr_frames": 4.0,
        "hei": 2048.0,
        "camera_angle_wid_img": 1.6691408910113876,
        "overlapPix_wid_img": 242.0,
        "degPerPix_wid_img": 0.03113109650639917,
        "camera_angle_wid_pano": 6.283185307179586,
        "cx": 1536.0,
        "cy": 1024.0,
        "wid": 3072.0,
        "file_path": "seasonScapes/data/2024-05-11/00-20-00/imagesPlane/47_11-GRINDFAUL_1.jpg",
        "transform_matrix": [
            [
                -0.3766181170940399,
                0.0012958260485902429,
                -0.9263677000999451,
                7.999489784240723
            ],
            [
                -0.92636638879776,
                -0.0027104204054921865,
                0.3766137957572937,
                46.67496871948242
            ],
            [
                -0.0020228198263794184,
                0.9999954700469971,
                0.002221203176304698,
                2685.0
            ],
            [
                0.0,
                0.0,
                0.0,
                1.0
            ]
        ],
        "fx": 1037.3388671875,
        "fy": 1653.3502197265625,
        "k1": 0.0,
        "k2": 0.0,
        "p1": 0.0,
        "p2": 0.0,
        "k3": 0.0,
        "k4": 0.0,
        "k5": 0.0,
        "k6": 0.0
    },
    "48_11-GRINDFAUL_2": {
        "tilt_angle": -0.012217304763960306,
        "camera_angle_hei": 1.1519173063162575,
        "nbr_frames": 4.0,
        "hei": 2048.0,
        "camera_angle_wid_img": 1.6691408910113876,
        "overlapPix_wid_img": 242.0,
        "degPerPix_wid_img": 0.03113109650639917,
        "camera_angle_wid_pano": 6.283185307179586,
        "cx": 1536.0,
        "cy": 1024.0,
        "wid": 3072.0,
        "file_path": "seasonScapes/data/2024-05-11/00-20-00/imagesPlane/48_11-GRINDFAUL_2.jpg",
        "transform_matrix": [
            [
                -0.9759928584098816,
                -0.0060928273014724255,
                0.2177172750234604,
                7.999489784240723
            ],
            [
                0.21771855652332306,
                0.0004600711399689317,
                0.9760114550590515,
                46.67496871948242
            ],
            [
                -0.006046834867447615,
                0.9999813437461853,
                0.0008774954476393759,
                2685.0
            ],
            [
                0.0,
                0.0,
                0.0,
                1.0
            ]
        ],
        "fx": 1905.82861328125,
        "fy": 2254.4013671875,
        "k1": 0.0,
        "k2": 0.0,
        "p1": 0.0,
        "p2": 0.0,
        "k3": 0.0,
        "k4": 0.0,
        "k5": 0.0,
        "k6": 0.0
    },
    "49_11-GRINDFAUL_3": {
        "tilt_angle": -0.012217304763960306,
        "camera_angle_hei": 1.1519173063162575,
        "nbr_frames": 4.0,
        "hei": 2048.0,
        "camera_angle_wid_img": 1.6691408910113876,
        "overlapPix_wid_img": 242.0,
        "degPerPix_wid_img": 0.03113109650639917,
        "camera_angle_wid_pano": 6.283185307179586,
        "cx": 1536.0,
        "cy": 1024.0,
        "wid": 3072.0,
        "file_path": "seasonScapes/data/2024-05-11/00-20-00/imagesPlane/49_11-GRINDFAUL_3.jpg",
        "transform_matrix": [
            [
                0.25806495547294617,
                -0.013349269516766071,
                0.9660353660583496,
                7.999489784240723
            ],
            [
                0.9661247730255127,
                0.0011684915516525507,
                -0.25807270407676697,
                46.67496871948242
            ],
            [
                0.00231627793982625,
                0.9999102354049683,
                0.013198607601225376,
                2685.0
            ],
            [
                0.0,
                0.0,
                0.0,
                1.0
            ]
        ],
        "fx": 1006.2324829101562,
        "fy": 1677.936279296875,
        "k1": 0.0,
        "k2": 0.0,
        "p1": 0.0,
        "p2": 0.0,
        "k3": 0.0,
        "k4": 0.0,
        "k5": 0.0,
        "k6": 0.0
    },
  "102_24-JUNGFJ_2": {
    "_comment": "[7.980860233306885, 46.54737854003906, 3483.0",
    "cam_id": "102_24-JUNGFJ_2",
    "hei": 2048.0,
    "cx": 1536.0,
    "cy": 1024.0,
    "wid": 3072.0,
    "file_path": "./seasonScapes/data/2024-05-11/00-20-00/imagesPlane/102_24-JUNGFJ_2.jpg",
    "transform_matrix": [
        [
            0.6322142481803894,
            0.012086352333426476,
            -0.774699330329895,
            7.980860233306885
        ],
        [
            -0.7747933864593506,
            0.010628209449350834,
            -0.632125198841095,
            46.54737854003906
        ],
        [
            0.0005935790832154453,
            0.9998704791069031,
            0.0160837322473526,
            3483.0
        ],
        [
            0.0,
            0.0,
            0.0,
            1.0
        ]
    ],
    "fx": 1329.521728515625,
    "fy": 2292.696533203125,
    "k1": 0.0,
    "k2": 0.0,
    "p1": 0.0,
    "p2": 0.0,
    "k3": 0.0,
    "k4": 0.0,
    "k5": 0.0,
    "k6": 0.0
  },
      "103_24-JUNGFJ_3": {
        "tilt_angle": -0.03490658503988659,
        "camera_angle_hei": 1.1519173063162575,
        "nbr_frames": 4.0,
        "hei": 2048.0,
        "camera_angle_wid_img": 1.659954013042285,
        "overlapPix_wid_img": 221.0,
        "degPerPix_wid_img": 0.030959752321981424,
        "camera_angle_wid_pano": 6.283185307179586,
        "cx": 1536.0,
        "cy": 1024.0,
        "wid": 3072.0,
        "file_path": "seasonScapes/data/2024-05-11/00-20-00/imagesPlane/103_24-JUNGFJ_3.jpg",
        "transform_matrix": [
            [
                -0.9140790104866028,
                -0.01405786070972681,
                -0.40529242157936096,
                7.980860233306885
            ],
            [
                -0.4050275385379791,
                -0.018390674144029617,
                0.9141194820404053,
                46.54737854003906
            ],
            [
                -0.02030416578054428,
                0.9997320175170898,
                0.011116708628833294,
                3483.0
            ],
            [
                0.0,
                0.0,
                0.0,
                1.0
            ]
        ],
        "fx": 1640.335693359375,
        "fy": 2391.18115234375,
        "k1": 0.0,
        "k2": 0.0,
        "p1": 0.0,
        "p2": 0.0,
        "k3": 0.0,
        "k4": 0.0,
        "k5": 0.0,
        "k6": 0.0
    },
  "104_25-JUNGFOST_0": {
        "tilt_angle": -0.054105206811824215,
        "camera_angle_hei": 0.8185594191853405,
        "nbr_frames": 4.0,
        "hei": 2048.0,
        "camera_angle_wid_img": 1.0141837570226822,
        "overlapPix_wid_img": 925.0,
        "degPerPix_wid_img": 0.018915510718789406,
        "camera_angle_wid_pano": 3.141592653589793,
        "cx": 1536.0,
        "cy": 955.0,
        "wid": 3072.0,
        "file_path": "seasonScapes/data/2024-05-11/00-20-00/imagesPlane/104_25-JUNGFOST_0.jpg",
        "transform_matrix": [
            [
              -0.680980384349823,
              -0.05493658781051636,
              0.7302380800247192,
              7.97150993347168
            ],
            [
              0.7317054867744446,
              -0.010814795270562172,
              0.6815351247787476,
              46.54541015625
            ],
            [
              -0.029543839395046234,
              0.9984312653541565,
              0.04756206274032593,
              3697.0
            ],
            [
              0.0,
              0.0,
              0.0,
              1.0
            ]
          ],
        "fx": 2248.24755859375,
        "fy": 2525.358642578125,
        "k1": 0.0,
        "k2": 0.0,
        "p1": 0.0,
        "p2": 0.0,
        "k3": 0.0,
        "k4": 0.0,
        "k5": 0.0,
        "k6": 0.0
    },
    "105_25-JUNGFOST_1": {
        "tilt_angle": -0.054105206811824215,
        "camera_angle_hei": 0.8185594191853405,
        "nbr_frames": 4.0,
        "hei": 2048.0,
        "camera_angle_wid_img": 1.0141837570226822,
        "overlapPix_wid_img": 925.0,
        "degPerPix_wid_img": 0.018915510718789406,
        "camera_angle_wid_pano": 3.141592653589793,
        "cx": 1536.0,
        "cy": 955.0,
        "wid": 3072.0,
        "file_path": "seasonScapes/data/2024-05-11/00-20-00/imagesPlane/105_25-JUNGFOST_1.jpg",
        "transform_matrix": [
            [
              0.3323131799697876,
              -0.0401497557759285,
              0.9423141479492188,
              7.97150993347168
            ],
            [
              0.943117618560791,
              0.003705475013703108,
              -0.3324386477470398,
              46.54541015625
            ],
            [
              0.009855608455836773,
              0.9991868138313293,
              0.039097320288419724,
              3697.0
            ],
            [
              0.0,
              0.0,
              0.0,
              1.0
            ]
          ],
        "fx": 1557.9825439453125,
        "fy": 2031.706787109375,
        "k1": 0.0,
        "k2": 0.0,
        "p1": 0.0,
        "p2": 0.0,
        "k3": 0.0,
        "k4": 0.0,
        "k5": 0.0,
        "k6": 0.0
    },
    "106_25-JUNGFOST_2": {
        "tilt_angle": -0.054105206811824215,
        "camera_angle_hei": 0.8185594191853405,
        "nbr_frames": 4.0,
        "hei": 2048.0,
        "camera_angle_wid_img": 1.0141837570226822,
        "overlapPix_wid_img": 925.0,
        "degPerPix_wid_img": 0.018915510718789406,
        "camera_angle_wid_pano": 3.141592653589793,
        "cx": 1536.0,
        "cy": 955.0,
        "wid": 3072.0,
        "file_path": "./seasonScapes/data/2024-05-11/00-20-00/imagesPlane/106_25-JUNGFOST_2.jpg",
        "transform_matrix": [
            [
                0.9404898285865784,
                -0.008260669186711311,
                0.33972135186195374,
                7.97150993347168
            ],
            [
                0.33968788385391235,
                0.05091157928109169,
                -0.9391592741012573,
                46.54541015625
            ],
            [
                -0.009537666104733944,
                0.9986690282821655,
                0.05068787559866905,
                3697.0
            ],
            [
                0.0,
                0.0,
                0.0,
                1.0
            ]
        ],
        "fx": 2756.750244140625,
        "fy": 2894.503662109375,
        "k1": 0.0,
        "k2": 0.0,
        "p1": 0.0,
        "p2": 0.0,
        "k3": 0.0,
        "k4": 0.0,
        "k5": 0.0,
        "k6": 0.0
    },
    "107_25-JUNGFOST_3": {
        "tilt_angle": -0.054105206811824215,
        "camera_angle_hei": 0.8185594191853405,
        "nbr_frames": 4.0,
        "hei": 2048.0,
        "camera_angle_wid_img": 1.0141837570226822,
        "overlapPix_wid_img": 925.0,
        "degPerPix_wid_img": 0.018915510718789406,
        "camera_angle_wid_pano": 3.141592653589793,
        "cx": 1536.0,
        "cy": 955.0,
        "wid": 3072.0,
        "file_path": "./seasonScapes/data/2024-05-11/00-20-00/imagesPlane/107_25-JUNGFOST_3.jpg",
        "transform_matrix": [
            [
                0.9529277086257935,
                0.03499554842710495,
                -0.30117112398147583,
                7.97150993347168
            ],
            [
                -0.3025471270084381,
                0.04472498223185539,
                -0.9520845413208008,
                46.54541015625
            ],
            [
                -0.01984884776175022,
                0.9983862042427063,
                0.053207479417324066,
                3697.0
            ],
            [
                0.0,
                0.0,
                0.0,
                1.0
            ]
        ],
        "fx": 2630.78515625,
        "fy": 3300.89990234375,
        "k1": 0.0,
        "k2": 0.0,
        "p1": 0.0,
        "p2": 0.0,
        "k3": 0.0,
        "k4": 0.0,
        "k5": 0.0,
        "k6": 0.0
    }
}