{
  "55_13-GRINDBUS_0": {
      "_comment": "[7.991302967071533, 46.64944076538086, 1810.0",
      "cam_id": "55_13-GRINDBUS_0",
      "file_path": "./seasonScapes/data/2025-04-29/08-00-00/imagesPlane/55_13-GRINDBUS_0.jpg",
      "tilt_angle": 0.008726646259971648,
      "camera_angle_hei": 1.0960667702524387,
      "nbr_frames": 4.0,
      "hei": 2048.0,
      "camera_angle_wid_img": 1.7920290839899442,
      "overlapPix_wid_img": 506.0,
      "degPerPix_wid_img": 0.03342308049391886,
      "camera_angle_wid_pano": 6.283185307179586,
      "cx": 1536.0,
      "cy": 1024.0,
      "wid": 3072.0,
      "transform_matrix": [
        [
          0.20316150784492493,
          -0.01713498681783676,
          -0.9789953231811523,
          7.991302967071533
        ],
        [
          -0.9791350364685059,
          -0.008126773871481419,
          -0.20304825901985168,
          46.64944076538086
        ],
        [
          -0.00447684433311224,
          0.9998201727867126,
          -0.018428511917591095,
          1810.0
        ],
        [
          0.0,
          0.0,
          0.0,
          1.0
        ]
      ],
    "fx": 863.7032470703125,
    "fy": 1516.0155029296875,
    "k1": 0.0,
    "k2": 0.0,
    "p1": 0.0,
    "p2": 0.0,
    "k3": 0.0,
    "k4": 0.0,
    "k5": 0.0,
    "k6": 0.0
  },
  "69_16-GRINDBEL_1": {
    "_comment": "[8.029475212097168, 46.62504577636719, 1041.0",
    "cam_id": "69_16-GRINDBEL_1",
    "file_path": "./seasonScapes/data/2025-04-29/08-00-00/imagesPlane/69_16-GRINDBEL_1.jpg",
    "wid": 3072.0,
    "hei": 2048.0,    
    "cx": 1536.0,
    "cy": 1024.0,
    "transform_matrix": [
      [
        -0.20116043090820312,
        -0.1551840752363205,
        -0.9671878814697266,
        8.029475212097168
      ],
      [
        -0.9795024991035461,
        0.02132902853190899,
        0.200299471616745,
        46.62504577636719
      ],
      [
        -0.010454109869897366,
        0.9876552820205688,
        -0.15629374980926514,
        1041.0
      ],
      [
        0.0,
        0.0,
        0.0,
        1.0
      ]
    ],
  "fx": 928.5267333984375,
  "fy": 1629.599365234375,
  "k1": 0.0,
  "k2": 0.0,
  "p1": 0.0,
  "p2": 0.0,
  "k3": 0.0,
  "k4": 0.0,
  "k5": 0.0,
  "k6": 0.0
  },
  "70_16-GRINDBEL_2": {
    "_comment": "[8.029475212097168, 46.62504577636719, 1041.0",
    "cam_id": "70_16-GRINDBEL_2",
    "file_path": "./seasonScapes/data/2025-04-29/08-00-00/imagesPlane/70_16-GRINDBEL_2.jpg",
    "wid": 3072.0,
    "hei": 2048.0,    
    "cx": 1536.0,
    "cy": 1024.0,
    "transform_matrix": [
      [
        -0.9964245557785034,
        -0.00209874683059752,
        0.08446141332387924,
        8.029475212097168
      ],
      [
        0.08397441357374191,
        0.08540371805429459,
        0.9928013682365417,
        46.62504577636719
      ],
      [
        -0.009296957403421402,
        0.9963442087173462,
        -0.08492211997509003,
        1041.0
      ],
      [
        0.0,
        0.0,
        0.0,
        1.0
      ]
    ],
  "fx": 1812.0361328125,
  "fy": 1970.7550048828125,
  "k1": 0.0,
  "k2": 0.0,
  "p1": 0.0,
  "p2": 0.0,
  "k3": 0.0,
  "k4": 0.0,
  "k5": 0.0,
  "k6": 0.0
  },
  "118_28-SCHILTBIR_0": {
    "_comment": "[7.858230113983154, 46.56235122680664, 2690.0",
    "cam_id": "118_28-SCHILTBIR_0",
    "file_path": "./seasonScapes/data/2025-04-29/08-00-00/imagesPlane/118_28-SCHILTBIR_0.jpg",
    "wid": 3072.0,
    "hei": 2048.0,    
    "cx": 1536.0,
    "cy": 1024.0,
    "transform_matrix": [
      [
        0.9998092651367188,
        -0.0174831822514534,
        0.008704030886292458,
        7.858230113983154
      ],
      [
        0.008326980285346508,
        -0.021524712443351746,
        -0.9997336268424988,
        46.56235122680664
      ],
      [
        0.01766587793827057,
        0.9996154308319092,
        -0.021375024691224098,
        2690.0
      ],
      [
        0.0,
        0.0,
        0.0,
        1.0
      ]
    ],
    "fx": 1747.4482421875,
    "fy": 2280.01708984375,
    "k1": 0.0,
    "k2": 0.0,
    "p1": 0.0,
    "p2": 0.0,
    "k3": 0.0,
    "k4": 0.0,
    "k5": 0.0,
    "k6": 0.0
  },
  "94_22-JUNGFEIG_2": {
      "_comment": "[7.9752092361450195, 46.57569885253906, 2349.0",
      "cam_id": "94_22-JUNGFEIG_2",
      "hei": 2048.0,
      "cx": 1536.0,
      "cy": 1024.0,
      "wid": 3072.0,
      "file_path": "./seasonScapes/data/2025-04-29/08-00-00/imagesPlane/94_22-JUNGFEIG_2.jpg",
      "transform_matrix": [
          [
            -0.4344962537288666,
            -0.036996517330408096,
            0.899913489818573,
            7.9752092361450195
          ],
          [
            0.9005566835403442,
            -0.0017424366669729352,
            0.43473517894744873,
            46.57569885253906
          ],
          [
            -0.014515645802021027,
            0.9993138909339905,
            0.03407454490661621,
            2349.0
          ],
          [
            0.0,
            0.0,
            0.0,
            1.0
          ]
      ],
      "fx": 829.6131591796875,
      "fy": 1291.373291015625,
      "k1": 0.0,
      "k2": 0.0,
      "p1": 0.0,
      "p2": 0.0,
      "k3": 0.0,
      "k4": 0.0,
      "k5": 0.0,
      "k6": 0.0
  },
  "101_24-JUNGFJ_1": {
    "_comment": "[7.980860233306885, 46.54737854003906, 3483.0",
    "cam_id": "101_24-JUNGFJ_1",
    "file_path": "./seasonScapes/data/2025-04-29/08-00-00/imagesPlane/101_24-JUNGFJ_1.jpg",
    "wid": 3072.0,
    "hei": 2048.0,    
    "cx": 1536.0,
    "cy": 1024.0,
    "transform_matrix": [
      [
        0.8782278895378113,
        0.023885322734713554,
        0.47764554619789124,
        7.980860233306885
      ],
      [
        0.47715258598327637,
        0.02362426370382309,
        -0.8785029053688049,
        46.54737854003906
      ],
      [
        -0.03226735070347786,
        0.999435544013977,
        0.009350543841719627,
        3483.0
      ],
      [
        0.0,
        0.0,
        0.0,
        1.0
      ]
    ],
    "fx": 1771.673095703125,
    "fy": 1960.411865234375,
    "k1": 0.0,
    "k2": 0.0,
    "p1": 0.0,
    "p2": 0.0,
    "k3": 0.0,
    "k4": 0.0,
    "k5": 0.0,
    "k6": 0.0
  },
  "85_20-WENGBELL_1": {
      "_comment": "[7.915970802307129, 46.60881042480469, 1252.0",
      "cam_id": "85_20-WENGBELL_1",
      "file_path": "./seasonScapes/data/2025-04-29/08-00-00/imagesPlane/85_20-WENGBELL_1.jpg",
      "wid": 3072.0,
      "hei": 2048.0,    
      "cx": 1536.0,
      "cy": 1024.0,
      "transform_matrix": [
        [
          -0.8488515019416809,
          -0.03125011548399925,
          -0.5277068614959717,
          7.915970802307129
        ],
        [
          -0.5257242918014526,
          -0.054642461240291595,
          0.8488982319831848,
          46.60881042480469
        ],
        [
          -0.05536336824297905,
          0.9980168342590332,
          0.029954388737678528,
          1252.0
        ],
        [
          0.0,
          0.0,
          0.0,
          1.0
        ]
      ],
      "fx": 1207.7081298828125,
      "fy": 1726.9769287109375,
      "k1": 0.0,
      "k2": 0.0,
      "p1": 0.0,
      "p2": 0.0,
      "k3": 0.0,
      "k4": 0.0,
      "k5": 0.0,
      "k6": 0.0
  },
  "80_19-MANN_0": {
      "_comment": "[7.941999912261963, 46.61096954345703, 2243.0",
      "cam_id": "80_19-MANN_0",
      "file_path": "./seasonScapes/data/2025-04-29/08-00-00/imagesPlane/80_19-MANN_0.jpg",
      "wid": 3072.0,
      "hei": 2048.0,    
      "cx": 1536.0,
      "cy": 1024.0,
      "transform_matrix": [
        [
          0.42953717708587646,
          0.10402865707874298,
          -0.8970372676849365,
          7.942968845367432
        ],
        [
          -0.9020966291427612,
          0.09504138678312302,
          -0.4209379553794861,
          46.61112976074219
        ],
        [
          0.04146605357527733,
          0.9900228381156921,
          0.13466770946979523,
          2241.0
        ],
        [
          0.0,
          0.0,
          0.0,
          1.0
        ]
      ],
    "fx": 897.7161865234375,
    "fy": 1391.282470703125,
    "k1": 0.0,
    "k2": 0.0,
    "p1": 0.0,
    "p2": 0.0,
    "k3": 0.0,
    "k4": 0.0,
    "k5": 0.0,
    "k6": 0.0
  },
  "59_14-SCHYNIGE_0": {
          "tilt_angle": 0.061086523819801536,
          "camera_angle_hei": 0.9075712110370514,
          "nbr_frames": 5.0,
          "hei": 2048.0,
          "camera_angle_wid_img": 1.3703901500643016,
          "overlapPix_wid_img": 319.0,
          "degPerPix_wid_img": 0.025559105431309903,
          "camera_angle_wid_pano": 6.283185307179586,
          "cx": 1536.0,
          "cy": 1059.0,
          "wid": 3072.0,
          "file_path": "./seasonScapes/data/2025-04-29/08-00-00/imagesPlane/59_14-SCHYNIGE_0.jpg",
          "transform_matrix": [
              [
                  0.8479142189025879,
                  -0.04119029641151428,
                  -0.5285308361053467,
                  7.909273147583008
              ],
              [
                  -0.530096709728241,
                  -0.054140083491802216,
                  -0.8462070226669312,
                  46.650943756103516
              ],
              [
                  0.006240814924240112,
                  0.9976834058761597,
                  -0.06774099171161652,
                  1984.0
              ],
              [
                  0.0,
                  0.0,
                  0.0,
                  1.0
              ]
          ],
          "fx": 2217.18505859375,
          "fy": 2908.2373046875,
          "k1": 0.0,
          "k2": 0.0,
          "p1": 0.0,
          "p2": 0.0,
          "k3": 0.0,
          "k4": 0.0,
          "k5": 0.0,
          "k6": 0.0
  },
  "79_18-GRINDMEGI_3": {
    "_comment": "[8.02258014678955, 46.58341979980469, 3362.0",
    "cam_id": "79_18-GRINDMEGI_3",
    "file_path": "./seasonScapes/data/2025-04-29/08-00-00/imagesPlane/79_18-GRINDMEGI_3.jpg",
    "wid": 3072.0,
    "hei": 2048.0,    
    "cx": 1536.0,
    "cy": 1024.0,
    "transform_matrix": [
      [
        -0.9517658948898315,
        0.0054026017896831036,
        -0.30677762627601624,
        8.02258014678955
      ],
      [
        -0.3065164089202881,
        -0.06158819794654846,
        0.9498708248138428,
        46.58341979980469
      ],
      [
        -0.01376210805028677,
        0.9980870485305786,
        0.06027353182435036,
        3362.0
      ],
      [
        0.0,
        0.0,
        0.0,
        1.0
      ]
    ],
    "fx": 1533.167236328125,
    "fy": 2143.935791015625,
    "k1": 0.0,
    "k2": 0.0,
    "p1": 0.0,
    "p2": 0.0,
    "k3": 0.0,
    "k4": 0.0,
    "k5": 0.0,
    "k6": 0.0
  },
  "91_21-JUNGFLAUB_3": {
    "_comment": "[7.94704008102417, 46.58652114868164, 2324.0",
    "cam_id": "91_21-JUNGFLAUB_3",
    "file_path": "./seasonScapes/data/2025-04-29/08-00-00/imagesPlane/91_21-JUNGFLAUB_3.jpg",
    "wid": 3072.0,
    "hei": 2048.0,    
    "cx": 1536.0,
    "cy": 1024.0,
    "transform_matrix": [
      [
        -0.4123198390007019,
        -0.029980001971125603,
        0.9105457663536072,
        7.94704008102417
      ],
      [
        0.9110259413719177,
        -0.01895762048661709,
        0.41191309690475464,
        46.58652114868164
      ],
      [
        0.004912625066936016,
        0.9993706941604614,
        0.03512916341423988,
        2324.0
      ],
      [
        0.0,
        0.0,
        0.0,
        1.0
      ]
    ],
    "fx": 892.7946166992188,
    "fy": 1569.653564453125,
    "k1": 0.0,
    "k2": 0.0,
    "p1": 0.0,
    "p2": 0.0,
    "k3": 0.0,
    "k4": 0.0,
    "k5": 0.0,
    "k6": 0.0
  },
  "104_25-JUNGFOST_0": {
        "tilt_angle": -0.054105206811824215,
        "camera_angle_hei": 0.8185594191853405,
        "nbr_frames": 4.0,
        "hei": 2048.0,
        "camera_angle_wid_img": 1.0141837570226822,
        "overlapPix_wid_img": 925.0,
        "degPerPix_wid_img": 0.018915510718789406,
        "camera_angle_wid_pano": 3.141592653589793,
        "cx": 1536.0,
        "cy": 955.0,
        "wid": 3072.0,
        "file_path": "./seasonScapes/data/2025-04-29/08-00-00/imagesPlane/104_25-JUNGFOST_0.jpg",
        "transform_matrix": [
            [
              -0.680980384349823,
              -0.05493658781051636,
              0.7302380800247192,
              7.97150993347168
            ],
            [
              0.7317054867744446,
              -0.010814795270562172,
              0.6815351247787476,
              46.54541015625
            ],
            [
              -0.029543839395046234,
              0.9984312653541565,
              0.04756206274032593,
              3697.0
            ],
            [
              0.0,
              0.0,
              0.0,
              1.0
            ]
          ],
        "fx": 2248.24755859375,
        "fy": 2525.358642578125,
        "k1": 0.0,
        "k2": 0.0,
        "p1": 0.0,
        "p2": 0.0,
        "k3": 0.0,
        "k4": 0.0,
        "k5": 0.0,
        "k6": 0.0
  },
  "105_25-JUNGFOST_1": {
      "tilt_angle": -0.054105206811824215,
      "camera_angle_hei": 0.8185594191853405,
      "nbr_frames": 4.0,
      "hei": 2048.0,
      "camera_angle_wid_img": 1.0141837570226822,
      "overlapPix_wid_img": 925.0,
      "degPerPix_wid_img": 0.018915510718789406,
      "camera_angle_wid_pano": 3.141592653589793,
      "cx": 1536.0,
      "cy": 955.0,
      "wid": 3072.0,
      "file_path": "./seasonScapes/data/2025-04-29/08-00-00/imagesPlane/105_25-JUNGFOST_1.jpg",
      "transform_matrix": [
          [
            0.3323131799697876,
            -0.0401497557759285,
            0.9423141479492188,
            7.97150993347168
          ],
          [
            0.943117618560791,
            0.003705475013703108,
            -0.3324386477470398,
            46.54541015625
          ],
          [
            0.009855608455836773,
            0.9991868138313293,
            0.039097320288419724,
            3697.0
          ],
          [
            0.0,
            0.0,
            0.0,
            1.0
          ]
        ],
      "fx": 1557.9825439453125,
      "fy": 2031.706787109375,
      "k1": 0.0,
      "k2": 0.0,
      "p1": 0.0,
      "p2": 0.0,
      "k3": 0.0,
      "k4": 0.0,
      "k5": 0.0,
      "k6": 0.0
  },
  "46_11-GRINDFAUL_0": {
        "tilt_angle": -0.012217304763960306,
        "camera_angle_hei": 1.1519173063162575,
        "nbr_frames": 4.0,
        "hei": 2048.0,
        "camera_angle_wid_img": 1.6691408910113876,
        "overlapPix_wid_img": 242.0,
        "degPerPix_wid_img": 0.03113109650639917,
        "camera_angle_wid_pano": 6.283185307179586,
        "cx": 1536.0,
        "cy": 1024.0,
        "wid": 3072.0,
        "file_path": "./seasonScapes/data/2025-04-29/08-00-00/imagesPlane/46_11-GRINDFAUL_0.jpg",
        "transform_matrix": [
            [
                0.9680017232894897,
                -0.008069662377238274,
                -0.25081366300582886,
                7.999489784240723
            ],
            [
                -0.2507151961326599,
                0.01152021437883377,
                -0.96799236536026,
                46.67496871948242
            ],
            [
                0.010700798593461514,
                0.9999010562896729,
                0.00912840012460947,
                2685.0
            ],
            [
                0.0,
                0.0,
                0.0,
                1.0
            ]
        ],
        "fx": 1879.08935546875,
        "fy": 2438.131103515625,
        "k1": 0.0,
        "k2": 0.0,
        "p1": 0.0,
        "p2": 0.0,
        "k3": 0.0,
        "k4": 0.0,
        "k5": 0.0,
        "k6": 0.0
    },
    "47_11-GRINDFAUL_1": {
        "tilt_angle": -0.012217304763960306,
        "camera_angle_hei": 1.1519173063162575,
        "nbr_frames": 4.0,
        "hei": 2048.0,
        "camera_angle_wid_img": 1.6691408910113876,
        "overlapPix_wid_img": 242.0,
        "degPerPix_wid_img": 0.03113109650639917,
        "camera_angle_wid_pano": 6.283185307179586,
        "cx": 1536.0,
        "cy": 1024.0,
        "wid": 3072.0,
        "file_path": "./seasonScapes/data/2025-04-29/08-00-00/imagesPlane/47_11-GRINDFAUL_1.jpg",
        "transform_matrix": [
            [
                -0.3766181170940399,
                0.0012958260485902429,
                -0.9263677000999451,
                7.999489784240723
            ],
            [
                -0.92636638879776,
                -0.0027104204054921865,
                0.3766137957572937,
                46.67496871948242
            ],
            [
                -0.0020228198263794184,
                0.9999954700469971,
                0.002221203176304698,
                2685.0
            ],
            [
                0.0,
                0.0,
                0.0,
                1.0
            ]
        ],
        "fx": 1037.3388671875,
        "fy": 1653.3502197265625,
        "k1": 0.0,
        "k2": 0.0,
        "p1": 0.0,
        "p2": 0.0,
        "k3": 0.0,
        "k4": 0.0,
        "k5": 0.0,
        "k6": 0.0
    },
    "52_12-JUNGFSHREK_2": {
        "tilt_angle": 0.04363323129985824,
        "camera_angle_hei": 0.9075712110370514,
        "nbr_frames": 5.0,
        "hei": 2048.0,
        "camera_angle_wid_img": 1.346209043357211,
        "overlapPix_wid_img": 256.0,
        "degPerPix_wid_img": 0.02510810433812247,
        "camera_angle_wid_pano": 6.283185307179586,
        "cx": 1536.0,
        "cy": 1051.0,
        "wid": 3072.0,
        "file_path": "./seasonScapes/data/2025-04-29/08-00-00/imagesPlane/52_12-JUNGFSHREK_2.jpg",
        "transform_matrix": [
            [
                0.6702046394348145,
                -0.0893288403749466,
                -0.7367808818817139,
                8.065110206604004
            ],
            [
                -0.738934338092804,
                0.012374337762594223,
                -0.6736637949943542,
                46.65837097167969
            ],
            [
                0.06929478049278259,
                0.9959253072738647,
                -0.05771481245756149,
                1969.9998779296875
            ],
            [
                0.0,
                0.0,
                0.0,
                1.0
            ]
        ],
        "fx": 1753.9105224609375,
        "fy": 2679.950439453125,
        "k1": 0.0,
        "k2": 0.0,
        "p1": 0.0,
        "p2": 0.0,
        "k3": 0.0,
        "k4": 0.0,
        "k5": 0.0,
        "k6": 0.0
    },
    "53_12-JUNGFSHREK_3": {
        "tilt_angle": 0.04363323129985824,
        "camera_angle_hei": 0.9075712110370514,
        "nbr_frames": 5.0,
        "hei": 2048.0,
        "camera_angle_wid_img": 1.346209043357211,
        "overlapPix_wid_img": 256.0,
        "degPerPix_wid_img": 0.02510810433812247,
        "camera_angle_wid_pano": 6.283185307179586,
        "cx": 1536.0,
        "cy": 1051.0,
        "wid": 3072.0,
        "file_path": "./seasonScapes/data/2025-04-29/08-00-00/imagesPlane/53_12-JUNGFSHREK_3.jpg",
        "transform_matrix": [
            [
                -0.7158219814300537,
                -0.032681260257959366,
                -0.6975175738334656,
                8.065110206604004
            ],
            [
                -0.6982825398445129,
                0.03259608522057533,
                0.7150797247886658,
                46.65837097167969
            ],
            [
                -0.0006333650671876967,
                0.9989341497421265,
                -0.04615374654531479,
                1969.9998779296875
            ],
            [
                0.0,
                0.0,
                0.0,
                1.0
            ]
        ],
        "fx": 1779.1748046875,
        "fy": 2222.277587890625,
        "k1": 0.0,
        "k2": 0.0,
        "p1": 0.0,
        "p2": 0.0,
        "k3": 0.0,
        "k4": 0.0,
        "k5": 0.0,
        "k6": 0.0
    },
    "56_13-GRINDBUS_1": {
        "tilt_angle": 0.008726646259971648,
        "camera_angle_hei": 1.0960667702524387,
        "nbr_frames": 4.0,
        "hei": 2048.0,
        "camera_angle_wid_img": 1.7920290839899442,
        "overlapPix_wid_img": 506.0,
        "degPerPix_wid_img": 0.03342308049391886,
        "camera_angle_wid_pano": 6.283185307179586,
        "cx": 1536.0,
        "cy": 1024.0,
        "wid": 3072.0,
        "file_path": "./seasonScapes/data/2025-04-29/08-00-00/imagesPlane/56_13-GRINDBUS_1.jpg",
        "transform_matrix": [
            [
                -0.9829992651939392,
                -0.05863722041249275,
                -0.17399463057518005,
                7.991302967071533
            ],
            [
                -0.17190253734588623,
                -0.0390496551990509,
                0.984339714050293,
                46.64944076538086
            ],
            [
                -0.06451337039470673,
                0.9975153207778931,
                0.0283058974891901,
                1810.0
            ],
            [
                0.0,
                0.0,
                0.0,
                1.0
            ]
        ],
        "fx": 1441.65283203125,
        "fy": 2264.91650390625,
        "k1": 0.0,
        "k2": 0.0,
        "p1": 0.0,
        "p2": 0.0,
        "k3": 0.0,
        "k4": 0.0,
        "k5": 0.0,
        "k6": 0.0
    },
    "57_13-GRINDBUS_2": {
        "tilt_angle": 0.008726646259971648,
        "camera_angle_hei": 1.0960667702524387,
        "nbr_frames": 4.0,
        "hei": 2048.0,
        "camera_angle_wid_img": 1.7920290839899442,
        "overlapPix_wid_img": 506.0,
        "degPerPix_wid_img": 0.03342308049391886,
        "camera_angle_wid_pano": 6.283185307179586,
        "cx": 1536.0,
        "cy": 1024.0,
        "wid": 3072.0,
        "file_path": "./seasonScapes/data/2025-04-29/08-00-00/imagesPlane/57_13-GRINDBUS_2.jpg",
        "transform_matrix": [
            [
                -0.39277926087379456,
                0.18577304482460022,
                0.9006735682487488,
                7.991302967071533
            ],
            [
                0.9173902273178101,
                0.010796250775456429,
                0.3978424668312073,
                46.64944076538086
            ],
            [
                0.0641845092177391,
                0.9825333952903748,
                -0.17466691136360168,
                1810.0
            ],
            [
                0.0,
                0.0,
                0.0,
                1.0
            ]
        ],
        "fx": 1148.5328369140625,
        "fy": 3987.17724609375,
        "k1": 0.0,
        "k2": 0.0,
        "p1": 0.0,
        "p2": 0.0,
        "k3": 0.0,
        "k4": 0.0,
        "k5": 0.0,
        "k6": 0.0
    },
    "60_14-SCHYNIGE_1": {
        "tilt_angle": 0.061086523819801536,
        "camera_angle_hei": 0.9075712110370514,
        "nbr_frames": 5.0,
        "hei": 2048.0,
        "camera_angle_wid_img": 1.3703901500643016,
        "overlapPix_wid_img": 319.0,
        "degPerPix_wid_img": 0.025559105431309903,
        "camera_angle_wid_pano": 6.283185307179586,
        "cx": 1536.0,
        "cy": 1059.0,
        "wid": 3072.0,
        "file_path": "./seasonScapes/data/2025-04-29/08-00-00/imagesPlane/60_14-SCHYNIGE_1.jpg",
        "transform_matrix": [
            [
                -0.4122263193130493,
                -0.072664774954319,
                -0.9081791043281555,
                7.909273147583008
            ],
            [
                -0.9110646843910217,
                0.026824507862329483,
                0.4113897979259491,
                46.650943756103516
            ],
            [
                -0.0055320896208286285,
                0.9969956278800964,
                -0.0772600769996643,
                1984.0
            ],
            [
                0.0,
                0.0,
                0.0,
                1.0
            ]
        ],
        "fx": 1453.49072265625,
        "fy": 1968.9864501953125,
        "k1": 0.0,
        "k2": 0.0,
        "p1": 0.0,
        "p2": 0.0,
        "k3": 0.0,
        "k4": 0.0,
        "k5": 0.0,
        "k6": 0.0
    },
    "64_15-GRINDKIRCH_0": {
        "tilt_angle": 0.13962634015954636,
        "camera_angle_hei": 1.0960667702524387,
        "nbr_frames": 4.0,
        "hei": 2048.0,
        "camera_angle_wid_img": 1.7920290839899442,
        "overlapPix_wid_img": 506.0,
        "degPerPix_wid_img": 0.03342308049391886,
        "camera_angle_wid_pano": 6.283185307179586,
        "cx": 1536.0,
        "cy": 1024.0,
        "wid": 3072.0,
        "file_path": "./seasonScapes/data/2025-04-29/08-00-00/imagesPlane/64_15-GRINDKIRCH_0.jpg",
        "transform_matrix": [
            [
                0.997894287109375,
                0.06346398591995239,
                -0.013391552492976189,
                8.046107292175293
            ],
            [
                -0.006531990133225918,
                -0.10708478093147278,
                -0.9942284226417542,
                46.62703323364258
            ],
            [
                -0.06453172862529755,
                0.9922223687171936,
                -0.10644474625587463,
                1125.0
            ],
            [
                0.0,
                0.0,
                0.0,
                1.0
            ]
        ],
        "fx": 1695.548583984375,
        "fy": 2014.68701171875,
        "k1": 0.0,
        "k2": 0.0,
        "p1": 0.0,
        "p2": 0.0,
        "k3": 0.0,
        "k4": 0.0,
        "k5": 0.0,
        "k6": 0.0
    },
    "65_15-GRINDKIRCH_1": {
        "tilt_angle": 0.13962634015954636,
        "camera_angle_hei": 1.0960667702524387,
        "nbr_frames": 4.0,
        "hei": 2048.0,
        "camera_angle_wid_img": 1.7920290839899442,
        "overlapPix_wid_img": 506.0,
        "degPerPix_wid_img": 0.03342308049391886,
        "camera_angle_wid_pano": 6.283185307179586,
        "cx": 1536.0,
        "cy": 1024.0,
        "wid": 3072.0,
        "file_path": "./seasonScapes/data/2025-04-29/08-00-00/imagesPlane/65_15-GRINDKIRCH_1.jpg",
        "transform_matrix": [
            [
                0.0945039689540863,
                -0.13407723605632782,
                -0.986454427242279,
                8.046107292175293
            ],
            [
                -0.9951208233833313,
                0.01549189630895853,
                -0.09743985533714294,
                46.62703323364258
            ],
            [
                0.02834651619195938,
                0.9908497929573059,
                -0.1319590061903,
                1125.0
            ],
            [
                0.0,
                0.0,
                0.0,
                1.0
            ]
        ],
        "fx": 834.744384765625,
        "fy": 1440.4599609375,
        "k1": 0.0,
        "k2": 0.0,
        "p1": 0.0,
        "p2": 0.0,
        "k3": 0.0,
        "k4": 0.0,
        "k5": 0.0,
        "k6": 0.0
    },
    "66_15-GRINDKIRCH_2": {
        "tilt_angle": 0.13962634015954636,
        "camera_angle_hei": 1.0960667702524387,
        "nbr_frames": 4.0,
        "hei": 2048.0,
        "camera_angle_wid_img": 1.7920290839899442,
        "overlapPix_wid_img": 506.0,
        "degPerPix_wid_img": 0.03342308049391886,
        "camera_angle_wid_pano": 6.283185307179586,
        "cx": 1536.0,
        "cy": 1024.0,
        "wid": 3072.0,
        "file_path": "./seasonScapes/data/2025-04-29/08-00-00/imagesPlane/66_15-GRINDKIRCH_2.jpg",
        "transform_matrix": [
            [
                -0.9933667182922363,
                0.015899984166026115,
                -0.1138850525021553,
                8.046107292175293
            ],
            [
                -0.11103032529354095,
                0.12502457201480865,
                0.9859214425086975,
                46.62703323364258
            ],
            [
                0.02991456538438797,
                0.9920262098312378,
                -0.12242986261844635,
                1125.0
            ],
            [
                0.0,
                0.0,
                0.0,
                1.0
            ]
        ],
        "fx": 1757.6268310546875,
        "fy": 1914.9671630859375,
        "k1": 0.0,
        "k2": 0.0,
        "p1": 0.0,
        "p2": 0.0,
        "k3": 0.0,
        "k4": 0.0,
        "k5": 0.0,
        "k6": 0.0
    },
    "67_15-GRINDKIRCH_3": {
        "tilt_angle": 0.13962634015954636,
        "camera_angle_hei": 1.0960667702524387,
        "nbr_frames": 4.0,
        "hei": 2048.0,
        "camera_angle_wid_img": 1.7920290839899442,
        "overlapPix_wid_img": 506.0,
        "degPerPix_wid_img": 0.03342308049391886,
        "camera_angle_wid_pano": 6.283185307179586,
        "cx": 1536.0,
        "cy": 1024.0,
        "wid": 3072.0,
        "file_path": "./seasonScapes/data/2025-04-29/08-00-00/imagesPlane/67_15-GRINDKIRCH_3.jpg",
        "transform_matrix": [
            [
                -0.25093331933021545,
                0.19501784443855286,
                0.9481563568115234,
                8.046107292175293
            ],
            [
                0.9671847820281982,
                0.010212987661361694,
                0.25386863946914673,
                46.62703323364258
            ],
            [
                0.039825402200222015,
                0.9807465076446533,
                -0.19118106365203857,
                1125.0
            ],
            [
                0.0,
                0.0,
                0.0,
                1.0
            ]
        ],
        "fx": 788.0099487304688,
        "fy": 1717.6353759765625,
        "k1": 0.0,
        "k2": 0.0,
        "p1": 0.0,
        "p2": 0.0,
        "k3": 0.0,
        "k4": 0.0,
        "k5": 0.0,
        "k6": 0.0
    },
    "68_16-GRINDBEL_0": {
        "tilt_angle": 0.07853981633974483,
        "camera_angle_hei": 1.0960667702524387,
        "nbr_frames": 4.0,
        "hei": 2048.0,
        "camera_angle_wid_img": 1.7920290839899442,
        "overlapPix_wid_img": 506.0,
        "degPerPix_wid_img": 0.03342308049391886,
        "camera_angle_wid_pano": 6.283185307179586,
        "cx": 1536.0,
        "cy": 1024.0,
        "wid": 3072.0,
        "file_path": "./seasonScapes/data/2025-04-29/08-00-00/imagesPlane/68_16-GRINDBEL_0.jpg",
        "transform_matrix": [
            [
                0.9844858646392822,
                -0.06415752321481705,
                -0.16331364214420319,
                8.029475212097168
            ],
            [
                -0.1686718463897705,
                -0.089585080742836,
                -0.9815927743911743,
                46.62504577636719
            ],
            [
                0.04834609106183052,
                0.9939106106758118,
                -0.09901681542396545,
                1041.0
            ],
            [
                0.0,
                0.0,
                0.0,
                1.0
            ]
        ],
        "fx": 1776.51220703125,
        "fy": 2259.1875,
        "k1": 0.0,
        "k2": 0.0,
        "p1": 0.0,
        "p2": 0.0,
        "k3": 0.0,
        "k4": 0.0,
        "k5": 0.0,
        "k6": 0.0
    },
    "71_16-GRINDBEL_3": {
        "tilt_angle": 0.07853981633974483,
        "camera_angle_hei": 1.0960667702524387,
        "nbr_frames": 4.0,
        "hei": 2048.0,
        "camera_angle_wid_img": 1.7920290839899442,
        "overlapPix_wid_img": 506.0,
        "degPerPix_wid_img": 0.03342308049391886,
        "camera_angle_wid_pano": 6.283185307179586,
        "cx": 1536.0,
        "cy": 1024.0,
        "wid": 3072.0,
        "file_path": "./seasonScapes/data/2025-04-29/08-00-00/imagesPlane/71_16-GRINDBEL_3.jpg",
        "transform_matrix": [
            [
                0.035813286900520325,
                0.1217665746808052,
                0.9919124245643616,
                8.029475212097168
            ],
            [
                0.9991047382354736,
                0.018002446740865707,
                -0.03828293830156326,
                46.62504577636719
            ],
            [
                -0.02251843363046646,
                0.9923955202102661,
                -0.12101283669471741,
                1041.0
            ],
            [
                0.0,
                0.0,
                0.0,
                1.0
            ]
        ],
        "fx": 861.1074829101562,
        "fy": 1662.979736328125,
        "k1": 0.0,
        "k2": 0.0,
        "p1": 0.0,
        "p2": 0.0,
        "k3": 0.0,
        "k4": 0.0,
        "k5": 0.0,
        "k6": 0.0
    },
    "72_17-EIGM4_0": {
        "tilt_angle": 0.20943951023931953,
        "camera_angle_hei": 1.3247049022636963,
        "nbr_frames": 4.0,
        "hei": 2048.0,
        "camera_angle_wid_img": 2.0568995379002226,
        "overlapPix_wid_img": 969.0,
        "degPerPix_wid_img": 0.03836317135549872,
        "camera_angle_wid_pano": 6.283185307179586,
        "cx": 1536.0,
        "cy": 1161.0,
        "wid": 3072.0,
        "file_path": "./seasonScapes/data/2025-04-29/08-00-00/imagesPlane/72_17-EIGM4_0.jpg",
        "transform_matrix": [
            [
                0.971915602684021,
                0.015181586146354675,
                -0.23483940958976746,
                7.996640205383301
            ],
            [
                -0.22918199002742767,
                -0.16554272174835205,
                -0.9592034220695496,
                46.598960876464844
            ],
            [
                -0.053438182920217514,
                0.9860857725143433,
                -0.15741421282291412,
                1650.0
            ],
            [
                0.0,
                0.0,
                0.0,
                1.0
            ]
        ],
        "fx": 1401.629638671875,
        "fy": 2130.84375,
        "k1": 0.0,
        "k2": 0.0,
        "p1": 0.0,
        "p2": 0.0,
        "k3": 0.0,
        "k4": 0.0,
        "k5": 0.0,
        "k6": 0.0
    },
    "73_17-EIGM4_1": {
        "tilt_angle": 0.20943951023931953,
        "camera_angle_hei": 1.3247049022636963,
        "nbr_frames": 4.0,
        "hei": 2048.0,
        "camera_angle_wid_img": 2.0568995379002226,
        "overlapPix_wid_img": 969.0,
        "degPerPix_wid_img": 0.03836317135549872,
        "camera_angle_wid_pano": 6.283185307179586,
        "cx": 1536.0,
        "cy": 1161.0,
        "wid": 3072.0,
        "file_path": "./seasonScapes/data/2025-04-29/08-00-00/imagesPlane/73_17-EIGM4_1.jpg",
        "transform_matrix": [
            [
                -0.1549099236726761,
                -0.2495771050453186,
                -0.9558839797973633,
                7.996640205383301
            ],
            [
                -0.9879058599472046,
                0.032570309937000275,
                0.15159539878368378,
                46.598960876464844
            ],
            [
                -0.00670130318030715,
                0.9678070545196533,
                -0.2516041398048401,
                1650.0
            ],
            [
                0.0,
                0.0,
                0.0,
                1.0
            ]
        ],
        "fx": 667.0071411132812,
        "fy": 1596.2296142578125,
        "k1": 0.0,
        "k2": 0.0,
        "p1": 0.0,
        "p2": 0.0,
        "k3": 0.0,
        "k4": 0.0,
        "k5": 0.0,
        "k6": 0.0
    },
    "74_17-EIGM4_2": {
        "tilt_angle": 0.20943951023931953,
        "camera_angle_hei": 1.3247049022636963,
        "nbr_frames": 4.0,
        "hei": 2048.0,
        "camera_angle_wid_img": 2.0568995379002226,
        "overlapPix_wid_img": 969.0,
        "degPerPix_wid_img": 0.03836317135549872,
        "camera_angle_wid_pano": 6.283185307179586,
        "cx": 1536.0,
        "cy": 1161.0,
        "wid": 3072.0,
        "file_path": "./seasonScapes/data/2025-04-29/08-00-00/imagesPlane/74_17-EIGM4_2.jpg",
        "transform_matrix": [
            [
                -0.9999086856842041,
                -0.013455635868012905,
                -0.0012639759806916118,
                7.996640205383301
            ],
            [
                -0.003081538248807192,
                0.13592955470085144,
                0.9907137155532837,
                46.598960876464844
            ],
            [
                -0.013158870860934258,
                0.990627110004425,
                -0.13595859706401825,
                1650.0
            ],
            [
                0.0,
                0.0,
                0.0,
                1.0
            ]
        ],
        "fx": 1414.818115234375,
        "fy": 2634.54296875,
        "k1": 0.0,
        "k2": 0.0,
        "p1": 0.0,
        "p2": 0.0,
        "k3": 0.0,
        "k4": 0.0,
        "k5": 0.0,
        "k6": 0.0
    },
    "75_17-EIGM4_3": {
        "tilt_angle": 0.20943951023931953,
        "camera_angle_hei": 1.3247049022636963,
        "nbr_frames": 4.0,
        "hei": 2048.0,
        "camera_angle_wid_img": 2.0568995379002226,
        "overlapPix_wid_img": 969.0,
        "degPerPix_wid_img": 0.03836317135549872,
        "camera_angle_wid_pano": 6.283185307179586,
        "cx": 1536.0,
        "cy": 1161.0,
        "wid": 3072.0,
        "file_path": "./seasonScapes/data/2025-04-29/08-00-00/imagesPlane/75_17-EIGM4_3.jpg",
        "transform_matrix": [
            [
                -0.21221107244491577,
                0.2058669626712799,
                0.9552932977676392,
                7.996640205383301
            ],
            [
                0.9753146767616272,
                0.016457917168736458,
                0.2202053815126419,
                46.598960876464844
            ],
            [
                0.061055153608322144,
                0.978441596031189,
                -0.1972925215959549,
                1650.0
            ],
            [
                0.0,
                0.0,
                0.0,
                1.0
            ]
        ],
        "fx": 604.6617431640625,
        "fy": 1452.5469970703125,
        "k1": 0.0,
        "k2": 0.0,
        "p1": 0.0,
        "p2": 0.0,
        "k3": 0.0,
        "k4": 0.0,
        "k5": 0.0,
        "k6": 0.0
    },
    "76_18-GRINDMEGI_0": {
        "tilt_angle": -0.06283185307179587,
        "camera_angle_hei": 1.3247049022636963,
        "nbr_frames": 4.0,
        "hei": 2048.0,
        "camera_angle_wid_img": 1.93135333836859,
        "overlapPix_wid_img": 765.0,
        "degPerPix_wid_img": 0.03602161296778067,
        "camera_angle_wid_pano": 6.283185307179586,
        "cx": 1536.0,
        "cy": 1044.0,
        "wid": 3072.0,
        "file_path": "./seasonScapes/data/2025-04-29/08-00-00/imagesPlane/76_18-GRINDMEGI_0.jpg",
        "transform_matrix": [
            [
                -0.0007627269951626658,
                -0.10651398450136185,
                0.9943109154701233,
                8.02258014678955
            ],
            [
                0.9999967217445374,
                0.0023441575467586517,
                0.0010182027472183108,
                46.58341979980469
            ],
            [
                -0.0024392742197960615,
                0.9943084120750427,
                0.10651185363531113,
                3362.0
            ],
            [
                0.0,
                0.0,
                0.0,
                1.0
            ]
        ],
        "fx": 752.2611083984375,
        "fy": 1540.4100341796875,
        "k1": 0.0,
        "k2": 0.0,
        "p1": 0.0,
        "p2": 0.0,
        "k3": 0.0,
        "k4": 0.0,
        "k5": 0.0,
        "k6": 0.0
    },
    "77_18-GRINDMEGI_1": {
        "tilt_angle": -0.06283185307179587,
        "camera_angle_hei": 1.3247049022636963,
        "nbr_frames": 4.0,
        "hei": 2048.0,
        "camera_angle_wid_img": 1.93135333836859,
        "overlapPix_wid_img": 765.0,
