{
  "55_13-GRINDBUS_0": {
      "_comment": "[7.991302967071533, 46.64944076538086, 1810.0",
      "cam_id": "55_13-GRINDBUS_0",
      "file_path": "./seasonScapes/data/2024-10-12/12-00-00/imagesPlane/55_13-GRINDBUS_0.jpg",
      "tilt_angle": 0.008726646259971648,
      "camera_angle_hei": 1.0960667702524387,
      "nbr_frames": 4.0,
      "hei": 2048.0,
      "camera_angle_wid_img": 1.7920290839899442,
      "overlapPix_wid_img": 506.0,
      "degPerPix_wid_img": 0.03342308049391886,
      "camera_angle_wid_pano": 6.283185307179586,
      "cx": 1536.0,
      "cy": 1024.0,
      "wid": 3072.0,
      "transform_matrix": [
        [
          0.20316150784492493,
          -0.01713498681783676,
          -0.9789953231811523,
          7.991302967071533
        ],
        [
          -0.9791350364685059,
          -0.008126773871481419,
          -0.20304825901985168,
          46.64944076538086
        ],
        [
          -0.00447684433311224,
          0.9998201727867126,
          -0.018428511917591095,
          1810.0
        ],
        [
          0.0,
          0.0,
          0.0,
          1.0
        ]
      ],
    "fx": 863.7032470703125,
    "fy": 1516.0155029296875,
    "k1": 0.0,
    "k2": 0.0,
    "p1": 0.0,
    "p2": 0.0,
    "k3": 0.0,
    "k4": 0.0,
    "k5": 0.0,
    "k6": 0.0
  },
  "69_16-GRINDBEL_1": {
    "_comment": "[8.029475212097168, 46.62504577636719, 1041.0",
    "cam_id": "69_16-GRINDBEL_1",
    "file_path": "./seasonScapes/data/2024-10-12/12-00-00/imagesPlane/69_16-GRINDBEL_1.jpg",
    "wid": 3072.0,
    "hei": 2048.0,    
    "cx": 1536.0,
    "cy": 1024.0,
    "transform_matrix": [
      [
        -0.20116043090820312,
        -0.1551840752363205,
        -0.9671878814697266,
        8.029475212097168
      ],
      [
        -0.9795024991035461,
        0.02132902853190899,
        0.200299471616745,
        46.62504577636719
      ],
      [
        -0.010454109869897366,
        0.9876552820205688,
        -0.15629374980926514,
        1041.0
      ],
      [
        0.0,
        0.0,
        0.0,
        1.0
      ]
    ],
  "fx": 928.5267333984375,
  "fy": 1629.599365234375,
  "k1": 0.0,
  "k2": 0.0,
  "p1": 0.0,
  "p2": 0.0,
  "k3": 0.0,
  "k4": 0.0,
  "k5": 0.0,
  "k6": 0.0
  },
  "70_16-GRINDBEL_2": {
    "_comment": "[8.029475212097168, 46.62504577636719, 1041.0",
    "cam_id": "70_16-GRINDBEL_2",
    "file_path": "./seasonScapes/data/2024-10-12/12-00-00/imagesPlane/70_16-GRINDBEL_2.jpg",
    "wid": 3072.0,
    "hei": 2048.0,    
    "cx": 1536.0,
    "cy": 1024.0,
    "transform_matrix": [
      [
        -0.9964245557785034,
        -0.00209874683059752,
        0.08446141332387924,
        8.029475212097168
      ],
      [
        0.08397441357374191,
        0.08540371805429459,
        0.9928013682365417,
        46.62504577636719
      ],
      [
        -0.009296957403421402,
        0.9963442087173462,
        -0.08492211997509003,
        1041.0
      ],
      [
        0.0,
        0.0,
        0.0,
        1.0
      ]
    ],
  "fx": 1812.0361328125,
  "fy": 1970.7550048828125,
  "k1": 0.0,
  "k2": 0.0,
  "p1": 0.0,
  "p2": 0.0,
  "k3": 0.0,
  "k4": 0.0,
  "k5": 0.0,
  "k6": 0.0
  },
  "71_16-GRINDBEL_3": {
        "tilt_angle": 0.07853981633974483,
        "camera_angle_hei": 1.0960667702524387,
        "nbr_frames": 4.0,
        "hei": 2048.0,
        "camera_angle_wid_img": 1.7920290839899442,
        "overlapPix_wid_img": 506.0,
        "degPerPix_wid_img": 0.03342308049391886,
        "camera_angle_wid_pano": 6.283185307179586,
        "cx": 1536.0,
        "cy": 1024.0,
        "wid": 3072.0,
        "file_path": "./seasonScapes/data/2024-10-12/12-00-00/imagesPlane/71_16-GRINDBEL_3.jpg",
        "transform_matrix": [
            [
                0.035813286900520325,
                0.1217665746808052,
                0.9919124245643616,
                8.029475212097168
            ],
            [
                0.9991047382354736,
                0.018002446740865707,
                -0.03828293830156326,
                46.62504577636719
            ],
            [
                -0.02251843363046646,
                0.9923955202102661,
                -0.12101283669471741,
                1041.0
            ],
            [
                0.0,
                0.0,
                0.0,
                1.0
            ]
        ],
        "fx": 861.1074829101562,
        "fy": 1662.979736328125,
        "k1": 0.0,
        "k2": 0.0,
        "p1": 0.0,
        "p2": 0.0,
        "k3": 0.0,
        "k4": 0.0,
        "k5": 0.0,
        "k6": 0.0
    },
  "118_28-SCHILTBIR_0": {
    "_comment": "[7.858230113983154, 46.56235122680664, 2690.0",
    "cam_id": "118_28-SCHILTBIR_0",
    "file_path": "./seasonScapes/data/2024-10-12/12-00-00/imagesPlane/118_28-SCHILTBIR_0.jpg",
    "wid": 3072.0,
    "hei": 2048.0,    
    "cx": 1536.0,
    "cy": 1024.0,
    "transform_matrix": [
      [
        0.9998092651367188,
        -0.0174831822514534,
        0.008704030886292458,
        7.858230113983154
      ],
      [
        0.008326980285346508,
        -0.021524712443351746,
        -0.9997336268424988,
        46.56235122680664
      ],
      [
        0.01766587793827057,
        0.9996154308319092,
        -0.021375024691224098,
        2690.0
      ],
      [
        0.0,
        0.0,
        0.0,
        1.0
      ]
    ],
    "fx": 1747.4482421875,
    "fy": 2280.01708984375,
    "k1": 0.0,
    "k2": 0.0,
    "p1": 0.0,
    "p2": 0.0,
    "k3": 0.0,
    "k4": 0.0,
    "k5": 0.0,
    "k6": 0.0
  },
  "94_22-JUNGFEIG_2": {
      "_comment": "[7.9752092361450195, 46.57569885253906, 2349.0",
      "cam_id": "94_22-JUNGFEIG_2",
      "hei": 2048.0,
      "cx": 1536.0,
      "cy": 1024.0,
      "wid": 3072.0,
      "file_path": "./seasonScapes/data/2024-10-12/12-00-00/imagesPlane/94_22-JUNGFEIG_2.jpg",
      "transform_matrix": [
          [
            -0.4344962537288666,
            -0.036996517330408096,
            0.899913489818573,
            7.9752092361450195
          ],
          [
            0.9005566835403442,
            -0.0017424366669729352,
            0.43473517894744873,
            46.57569885253906
          ],
          [
            -0.014515645802021027,
            0.9993138909339905,
            0.03407454490661621,
            2349.0
          ],
          [
            0.0,
            0.0,
            0.0,
            1.0
          ]
      ],
      "fx": 829.6131591796875,
      "fy": 1291.373291015625,
      "k1": 0.0,
      "k2": 0.0,
      "p1": 0.0,
      "p2": 0.0,
      "k3": 0.0,
      "k4": 0.0,
      "k5": 0.0,
      "k6": 0.0
  },
  "101_24-JUNGFJ_1": {
    "_comment": "[7.980860233306885, 46.54737854003906, 3483.0",
    "cam_id": "101_24-JUNGFJ_1",
    "file_path": "./seasonScapes/data/2024-10-12/12-00-00/imagesPlane/101_24-JUNGFJ_1.jpg",
    "wid": 3072.0,
    "hei": 2048.0,    
    "cx": 1536.0,
    "cy": 1024.0,
    "transform_matrix": [
      [
        0.8782278895378113,
        0.023885322734713554,
        0.47764554619789124,
        7.980860233306885
      ],
      [
        0.47715258598327637,
        0.02362426370382309,
        -0.8785029053688049,
        46.54737854003906
      ],
      [
        -0.03226735070347786,
        0.999435544013977,
        0.009350543841719627,
        3483.0
      ],
      [
        0.0,
        0.0,
        0.0,
        1.0
      ]
    ],
    "fx": 1771.673095703125,
    "fy": 1960.411865234375,
    "k1": 0.0,
    "k2": 0.0,
    "p1": 0.0,
    "p2": 0.0,
    "k3": 0.0,
    "k4": 0.0,
    "k5": 0.0,
    "k6": 0.0
  },
  "85_20-WENGBELL_1": {
      "_comment": "[7.915970802307129, 46.60881042480469, 1252.0",
      "cam_id": "85_20-WENGBELL_1",
      "file_path": "./seasonScapes/data/2024-10-12/12-00-00/imagesPlane/85_20-WENGBELL_1.jpg",
      "wid": 3072.0,
      "hei": 2048.0,    
      "cx": 1536.0,
      "cy": 1024.0,
      "transform_matrix": [
        [
          -0.8488515019416809,
          -0.03125011548399925,
          -0.5277068614959717,
          7.915970802307129
        ],
        [
          -0.5257242918014526,
          -0.054642461240291595,
          0.8488982319831848,
          46.60881042480469
        ],
        [
          -0.05536336824297905,
          0.9980168342590332,
          0.029954388737678528,
          1252.0
        ],
        [
          0.0,
          0.0,
          0.0,
          1.0
        ]
      ],
      "fx": 1207.7081298828125,
      "fy": 1726.9769287109375,
      "k1": 0.0,
      "k2": 0.0,
      "p1": 0.0,
      "p2": 0.0,
      "k3": 0.0,
      "k4": 0.0,
      "k5": 0.0,
      "k6": 0.0
  },
  "80_19-MANN_0": {
      "_comment": "[7.941999912261963, 46.61096954345703, 2243.0",
      "cam_id": "80_19-MANN_0",
      "file_path": "./seasonScapes/data/2024-10-12/12-00-00/imagesPlane/80_19-MANN_0.jpg",
      "wid": 3072.0,
      "hei": 2048.0,    
      "cx": 1536.0,
      "cy": 1024.0,
      "transform_matrix": [
        [
          0.42953717708587646,
          0.10402865707874298,
          -0.8970372676849365,
          7.942968845367432
        ],
        [
          -0.9020966291427612,
          0.09504138678312302,
          -0.4209379553794861,
          46.61112976074219
        ],
        [
          0.04146605357527733,
          0.9900228381156921,
          0.13466770946979523,
          2241.0
        ],
        [
          0.0,
          0.0,
          0.0,
          1.0
        ]
      ],
    "fx": 897.7161865234375,
    "fy": 1391.282470703125,
    "k1": 0.0,
    "k2": 0.0,
    "p1": 0.0,
    "p2": 0.0,
    "k3": 0.0,
    "k4": 0.0,
    "k5": 0.0,
    "k6": 0.0
  },
  "59_14-SCHYNIGE_0": {
          "tilt_angle": 0.061086523819801536,
          "camera_angle_hei": 0.9075712110370514,
          "nbr_frames": 5.0,
          "hei": 2048.0,
          "camera_angle_wid_img": 1.3703901500643016,
          "overlapPix_wid_img": 319.0,
          "degPerPix_wid_img": 0.025559105431309903,
          "camera_angle_wid_pano": 6.283185307179586,
          "cx": 1536.0,
          "cy": 1059.0,
          "wid": 3072.0,
          "file_path": "./seasonScapes/data/2024-10-12/12-00-00/imagesPlane/59_14-SCHYNIGE_0.jpg",
          "transform_matrix": [
              [
                  0.8479142189025879,
                  -0.04119029641151428,
                  -0.5285308361053467,
                  7.909273147583008
              ],
              [
                  -0.530096709728241,
                  -0.054140083491802216,
                  -0.8462070226669312,
                  46.650943756103516
              ],
              [
                  0.006240814924240112,
                  0.9976834058761597,
                  -0.06774099171161652,
                  1984.0
              ],
              [
                  0.0,
                  0.0,
                  0.0,
                  1.0
              ]
          ],
          "fx": 2217.18505859375,
          "fy": 2908.2373046875,
          "k1": 0.0,
          "k2": 0.0,
          "p1": 0.0,
          "p2": 0.0,
          "k3": 0.0,
          "k4": 0.0,
          "k5": 0.0,
          "k6": 0.0
  },
  "79_18-GRINDMEGI_3": {
    "_comment": "[8.02258014678955, 46.58341979980469, 3362.0",
    "cam_id": "79_18-GRINDMEGI_3",
    "file_path": "./seasonScapes/data/2024-10-12/12-00-00/imagesPlane/79_18-GRINDMEGI_3.jpg",
    "wid": 3072.0,
    "hei": 2048.0,    
    "cx": 1536.0,
    "cy": 1024.0,
    "transform_matrix": [
      [
        -0.9517658948898315,
        0.0054026017896831036,
        -0.30677762627601624,
        8.02258014678955
      ],
      [
        -0.3065164089202881,
        -0.06158819794654846,
        0.9498708248138428,
        46.58341979980469
      ],
      [
        -0.01376210805028677,
        0.9980870485305786,
        0.06027353182435036,
        3362.0
      ],
      [
        0.0,
        0.0,
        0.0,
        1.0
      ]
    ],
    "fx": 1533.167236328125,
    "fy": 2143.935791015625,
    "k1": 0.0,
    "k2": 0.0,
    "p1": 0.0,
    "p2": 0.0,
    "k3": 0.0,
    "k4": 0.0,
    "k5": 0.0,
    "k6": 0.0
  },
  "91_21-JUNGFLAUB_3": {
    "_comment": "[7.94704008102417, 46.58652114868164, 2324.0",
    "cam_id": "91_21-JUNGFLAUB_3",
    "file_path": "./seasonScapes/data/2024-10-12/12-00-00/imagesPlane/91_21-JUNGFLAUB_3.jpg",
    "wid": 3072.0,
    "hei": 2048.0,    
    "cx": 1536.0,
    "cy": 1024.0,
    "transform_matrix": [
      [
        -0.4123198390007019,
        -0.029980001971125603,
        0.9105457663536072,
        7.94704008102417
      ],
      [
        0.9110259413719177,
        -0.01895762048661709,
        0.41191309690475464,
        46.58652114868164
      ],
      [
        0.004912625066936016,
        0.9993706941604614,
        0.03512916341423988,
        2324.0
      ],
      [
        0.0,
        0.0,
        0.0,
        1.0
      ]
    ],
    "fx": 892.7946166992188,
    "fy": 1569.653564453125,
    "k1": 0.0,
    "k2": 0.0,
    "p1": 0.0,
    "p2": 0.0,
    "k3": 0.0,
    "k4": 0.0,
    "k5": 0.0,
    "k6": 0.0
  },
  "104_25-JUNGFOST_0": {
        "tilt_angle": -0.054105206811824215,
        "camera_angle_hei": 0.8185594191853405,
        "nbr_frames": 4.0,
        "hei": 2048.0,
        "camera_angle_wid_img": 1.0141837570226822,
        "overlapPix_wid_img": 925.0,
        "degPerPix_wid_img": 0.018915510718789406,
        "camera_angle_wid_pano": 3.141592653589793,
        "cx": 1536.0,
        "cy": 955.0,
        "wid": 3072.0,
        "file_path": "./seasonScapes/data/2024-10-12/12-00-00/imagesPlane/104_25-JUNGFOST_0.jpg",
        "transform_matrix": [
            [
              -0.680980384349823,
              -0.05493658781051636,
              0.7302380800247192,
              7.97150993347168
            ],
            [
              0.7317054867744446,
              -0.010814795270562172,
              0.6815351247787476,
              46.54541015625
            ],
            [
              -0.029543839395046234,
              0.9984312653541565,
              0.04756206274032593,
              3697.0
            ],
            [
              0.0,
              0.0,
              0.0,
              1.0
            ]
          ],
        "fx": 2248.24755859375,
        "fy": 2525.358642578125,
        "k1": 0.0,
        "k2": 0.0,
        "p1": 0.0,
        "p2": 0.0,
        "k3": 0.0,
        "k4": 0.0,
        "k5": 0.0,
        "k6": 0.0
  },
  "105_25-JUNGFOST_1": {
      "tilt_angle": -0.054105206811824215,
      "camera_angle_hei": 0.8185594191853405,
      "nbr_frames": 4.0,
      "hei": 2048.0,
      "camera_angle_wid_img": 1.0141837570226822,
      "overlapPix_wid_img": 925.0,
      "degPerPix_wid_img": 0.018915510718789406,
      "camera_angle_wid_pano": 3.141592653589793,
      "cx": 1536.0,
      "cy": 955.0,
      "wid": 3072.0,
      "file_path": "./seasonScapes/data/2024-10-12/12-00-00/imagesPlane/105_25-JUNGFOST_1.jpg",
      "transform_matrix": [
          [
            0.3323131799697876,
            -0.0401497557759285,
            0.9423141479492188,
            7.97150993347168
          ],
          [
            0.943117618560791,
            0.003705475013703108,
            -0.3324386477470398,
            46.54541015625
          ],
          [
            0.009855608455836773,
            0.9991868138313293,
            0.039097320288419724,
            3697.0
          ],
          [
            0.0,
            0.0,
            0.0,
            1.0
          ]
        ],
      "fx": 1557.9825439453125,
      "fy": 2031.706787109375,
      "k1": 0.0,
      "k2": 0.0,
      "p1": 0.0,
      "p2": 0.0,
      "k3": 0.0,
      "k4": 0.0,
      "k5": 0.0,
      "k6": 0.0
  }
}