{
  "meta": {
    "mode": "waypoints",
    "waypoints": ["grindwald", "kleineScheidegg", "truemelbach", "Lauterbrunnen_hinten", "Lauterbrunnen", "Ahorni", "Faulhorn", 
            "Burglauen", "Mättenberg", "Pfaffestecki", "Walcherhorn", "Jungfrau", "Schwarzbirg", "Grindelwald_o", "First", 
            "Faulhorn_o", "Sägitalsee", "Loucherhorn", "Interlaken"],
    "nbr_points": [6, 2, 2, 4, 4, 4, 4, 4, 4, 4, 4, 4, 4, 4, 4, 4, 4, 4],
    "interpolation": "linear"
  },
  "grindwald": {
    "cam_id": "grindwald",
    "_comment": "46.624897, 8.031098",
    "file_path": "",
    "wid": 3072.0,
    "hei": 2048.0,
    "cx": 1536.0,
    "cy": 1024.0,
    "fx": 1000.0,
    "fy": 1400.0,
    "k1": 0,
    "k2": 0,
    "p1": 0,
    "p2": 0,
    "k3": 0,
    "k4": 0,
    "k5": 0,
    "k6": 0,
    "transform_matrix": [
      [
          -0.9279552698135376,
          0.047555357217788696,
          -0.3696451485157013,
          8.02
      ],
      [
          -0.3723903298377991,
          -0.07843872904777527,
          0.9247555136680603,
          46.624897
      ],
      [
          0.014982585795223713,
          0.9957840442657471,
          0.09049678593873978,
          1300.0
      ],
      [
          0.0,
          0.0,
          0.0,
          1.0
      ]
    ]
  },
  "kleineScheidegg": {
    "cam_id": "kleineScheidegg",
    "_comment": "46.588831, 7.962771",
    "file_path": "",
    "wid": 3072.0,
    "hei": 2048.0,
    "cx": 1536.0,
    "cy": 1024.0,
    "fx": 1000.0,
    "fy": 1400.0,
    "k1": 0,
    "k2": 0,
    "p1": 0,
    "p2": 0,
    "k3": 0,
    "k4": 0,
    "k5": 0,
    "k6": 0,
    "transform_matrix": [
      [
          -0.9279552698135376,
          0.047555357217788696,
          -0.3696451485157013,
          7.962771
      ],
      [
          -0.3723903298377991,
          -0.07843872904777527,
          0.9247555136680603,
          46.588831
      ],
      [
          0.014982585795223713,
          0.9957840442657471,
          0.09049678593873978,
          2400.0
      ],
      [
          0.0,
          0.0,
          0.0,
          1.0
      ]
    ]
  },
  "truemelbach": {
    "cam_id": "truemelbach",
    "_comment": "46.564928, 7.936351",
    "file_path": "",
    "wid": 3072.0,
    "hei": 2048.0,
    "cx": 1536.0,
    "cy": 1024.0,
    "fx": 1000.0,
    "fy": 1400.0,
    "k1": 0,
    "k2": 0,
    "p1": 0,
    "p2": 0,
    "k3": 0,
    "k4": 0,
    "k5": 0,
    "k6": 0,
    "transform_matrix": [
      [
          -0.9279552698135376,
          0.047555357217788696,
          -0.3696451485157013,
          7.936351
      ],
      [
          -0.3723903298377991,
          -0.07843872904777527,
          0.9247555136680603,
          46.564928
      ],
      [
          0.014982585795223713,
          0.9957840442657471,
          0.09049678593873978,
          2300.0
      ],
      [
          0.0,
          0.0,
          0.0,
          1.0
      ]
    ]
  },
  "Lauterbrunnen_hinten": {
    "cam_id": "Lauterbrunnen_hinten",
    "_comment": "46.569399, 7.913546",
    "file_path": "",
    "wid": 3072.0,
    "hei": 2048.0,
    "cx": 1536.0,
    "cy": 1024.0,
    "fx": 1000.0,
    "fy": 1400.0,
    "k1": 0,
    "k2": 0,
    "p1": 0,
    "p2": 0,
    "k3": 0,
    "k4": 0,
    "k5": 0,
    "k6": 0,
    "transform_matrix": [
      [
          -0.5732118487358093,
          -0.04715196043252945,
          0.818049430847168,
          7.913546
      ],
      [
          0.8193819522857666,
          -0.040823664516210556,
          0.5717925429344177,
          46.569399
      ],
      [
          0.0064346375875175,
          0.9980531930923462,
          0.062036074697971344,
          1400.0
      ],
      [
          0.0,
          0.0,
          0.0,
          1.0
      ]
    ]
  },
  "Lauterbrunnen": {
    "cam_id": "Lauterbrunnen",
    "_comment": "46.598880, 7.907855",
    "file_path": "",
    "wid": 3072.0,
    "hei": 2048.0,
    "cx": 1536.0,
    "cy": 1024.0,
    "fx": 1000.0,
    "fy": 1400.0,
    "k1": 0,
    "k2": 0,
    "p1": 0,
    "p2": 0,
    "k3": 0,
    "k4": 0,
    "k5": 0,
    "k6": 0,
    "transform_matrix": [
      [
          -0.5732118487358093,
          -0.04715196043252945,
          0.818049430847168,
          7.907855
      ],
      [
          0.8193819522857666,
          -0.040823664516210556,
          0.5717925429344177,
          46.598880
      ],
      [
          0.0064346375875175,
          0.9980531930923462,
          0.062036074697971344,
          820.0
      ],
      [
          0.0,
          0.0,
          0.0,
          1.0
      ]
    ]
  },
  "Ahorni": {
    "cam_id": "Ahorni",
    "_comment": "46.630813, 7.892298",
    "file_path": "",
    "wid": 3072.0,
    "hei": 2048.0,
    "cx": 1536.0,
    "cy": 1024.0,
    "fx": 1000.0,
    "fy": 1400.0,
    "k1": 0,
    "k2": 0,
    "p1": 0,
    "p2": 0,
    "k3": 0,
    "k4": 0,
    "k5": 0,
    "k6": 0,
    "transform_matrix": [
      [
          0.997894287109375,
          0.06346398591995239,
          -0.013391552492976189,
          7.892298
      ],
      [
          -0.006531990133225918,
          -0.10708478093147278,
          -0.9942284226417542,
          46.630813
      ],
      [
          -0.06453172862529755,
          0.9922223687171936,
          -0.10644474625587463,
          2500.0
      ],
      [
        0.0,
        0.0,
        0.0,
        1.0
      ]
    ]
  },
  "Faulhorn": {
    "cam_id": "Faulhorn",
    "_comment": "46.653761, 7.956230",
    "file_path": "",
    "wid": 3072.0,
    "hei": 2048.0,
    "cx": 1536.0,
    "cy": 1024.0,
    "fx": 1000.0,
    "fy": 1400.0,
    "k1": 0,
    "k2": 0,
    "p1": 0,
    "p2": 0,
    "k3": 0,
    "k4": 0,
    "k5": 0,
    "k6": 0,
    "transform_matrix": [
      [
          0.997894287109375,
          0.06346398591995239,
          -0.013391552492976189,
          7.956230
      ],
      [
          -0.006531990133225918,
          -0.10708478093147278,
          -0.9942284226417542,
          46.653761
      ],
      [
          -0.06453172862529755,
          0.9922223687171936,
          -0.10644474625587463,
          2200.0
      ],
      [
        0.0,
        0.0,
        0.0,
        1.0
      ]
    ]
  },
  "Burglauen": {
    "cam_id": "Burglauen",
    "_comment": "46.630598, 7.990772",
    "file_path": "",
    "wid": 3072.0,
    "hei": 2048.0,
    "cx": 1536.0,
    "cy": 1024.0,
    "fx": 1000.0,
    "fy": 1400.0,
    "k1": 0,
    "k2": 0,
    "p1": 0,
    "p2": 0,
    "k3": 0,
    "k4": 0,
    "k5": 0,
    "k6": 0,
    "transform_matrix": [
      [
          0.0945039689540863,
          -0.13407723605632782,
          -0.986454427242279,
          7.990772
      ],
      [
          -0.9951208233833313,
          0.01549189630895853,
          -0.09743985533714294,
          46.630598
      ],
      [
          0.02834651619195938,
          0.9908497929573059,
          -0.1319590061903,
          1600.0
      ],
      [
        0.0,
        0.0,
        0.0,
        1.0
      ]
    ]
  },
  "Mättenberg": {
    "cam_id": "Mättenberg",
    "_comment": "46.606055, 8.059500",
    "file_path": "",
    "wid": 3072.0,
    "hei": 2048.0,
    "cx": 1536.0,
    "cy": 1024.0,
    "fx": 1000.0,
    "fy": 1400.0,
    "k1": 0,
    "k2": 0,
    "p1": 0,
    "p2": 0,
    "k3": 0,
    "k4": 0,
    "k5": 0,
    "k6": 0,
    "transform_matrix": [
        [
            0.23038999736309052,
            0.08926288038492203,
            -0.9689956307411194,
            8.059500
        ],
        [
            -0.972909688949585,
            0.04073914885520935,
            -0.22756774723529816,
            46.606055
        ],
        [
            0.019162707030773163,
            0.9951745867729187,
            0.09623061120510101,
            2000.0
        ],
        [
            0.0,
            0.0,
            0.0,
            1.0
        ]
    ]
  },
  "Pfaffestecki": {
    "cam_id": "Pfaffestecki",
    "_comment": "46.570592, 8.081053",
    "file_path": "",
    "wid": 3072.0,
    "hei": 2048.0,
    "cx": 1536.0,
    "cy": 1024.0,
    "fx": 1000.0,
    "fy": 1400.0,
    "k1": 0,
    "k2": 0,
    "p1": 0,
    "p2": 0,
    "k3": 0,
    "k4": 0,
    "k5": 0,
    "k6": 0,
    "transform_matrix": [
        [
            -0.9517658948898315,
            0.0054026017896831036,
            -0.30677762627601624,
            8.081053
        ],
        [
            -0.3065164089202881,
            -0.06158819794654846,
            0.9498708248138428,
            46.570592
        ],
        [
            -0.01376210805028677,
            0.9980870485305786,
            0.06027353182435036,
            3300.0
        ],
        [
            0.0,
            0.0,
            0.0,
            1.0
        ]
    ]
  },
  "Walcherhorn": {
    "cam_id": "Walcherhorn",
    "_comment": "46.560042, 8.034867",
    "file_path": "",
    "wid": 3072.0,
    "hei": 2048.0,
    "cx": 1536.0,
    "cy": 1024.0,
    "fx": 1000.0,
    "fy": 1400.0,
    "k1": 0,
    "k2": 0,
    "p1": 0,
    "p2": 0,
    "k3": 0,
    "k4": 0,
    "k5": 0,
    "k6": 0,
    "transform_matrix": [
      [
          -0.9517658948898315,
          0.0054026017896831036,
          -0.30677762627601624,
          8.034867
      ],
      [
          -0.3065164089202881,
          -0.06158819794654846,
          0.9498708248138428,
          46.560042
      ],
      [
          -0.01376210805028677,
          0.9980870485305786,
          0.06027353182435036,
          3800.0
      ],
      [
        0.0,
        0.0,
        0.0,
        1.0
      ]
    ]
  },
  "Jungfrau": {
    "cam_id": "Jungfrau",
    "_comment": "46.539185, 7.962367",
    "file_path": "",
    "wid": 3072.0,
    "hei": 2048.0,
    "cx": 1536.0,
    "cy": 1024.0,
    "fx": 1000.0,
    "fy": 1400.0,
    "k1": 0,
    "k2": 0,
    "p1": 0,
    "p2": 0,
    "k3": 0,
    "k4": 0,
    "k5": 0,
    "k6": 0,
    "transform_matrix": [
      [
          -0.9517658948898315,
          0.0054026017896831036,
          -0.30677762627601624,
          7.962367
      ],
      [
          -0.3065164089202881,
          -0.06158819794654846,
          0.9498708248138428,
          46.539185
      ],
      [
          -0.01376210805028677,
          0.9980870485305786,
          0.06027353182435036,
          4300.0
      ],
      [
        0.0,
        0.0,
        0.0,
        1.0
      ]
    ]
  },
  "Schwarzbirg": {
    "cam_id": "Schwarzbirg",
    "_comment": "46.576837, 7.867030",
      "file_path": "",
      "wid": 3072.0,
      "hei": 2048.0,
      "cx": 1536.0,
      "cy": 1024.0,
      "fx": 1000.0,
      "fy": 1400.0,
      "k1": 0,
      "k2": 0,
      "p1": 0,
      "p2": 0,
      "k3": 0,
      "k4": 0,
      "k5": 0,
      "k6": 0,
      "transform_matrix": [
    [
            -0.0007627269951626658,
            -0.10651398450136185,
            0.9943109154701233,
            7.867030
        ],
        [
            0.9999967217445374,
            0.0023441575467586517,
            0.0010182027472183108,
            46.576837
        ],
        [
            -0.0024392742197960615,
            0.9943084120750427,
            0.10651185363531113,
            2850.0
        ],
        [
            0.0,
            0.0,
            0.0,
            1.0
        ]
      ]
  },
  "Grindelwald_o": {
    "cam_id": "Grindelwald_o",
    "_comment": "46.626901, 8.044605",
    "file_path": "",
    "wid": 3072.0,
    "hei": 2048.0,
    "cx": 1536.0,
    "cy": 1024.0,
    "fx": 1000.0,
    "fy": 1400.0,
    "k1": 0,
    "k2": 0,
    "p1": 0,
    "p2": 0,
    "k3": 0,
    "k4": 0,
    "k5": 0,
    "k6": 0,
    "transform_matrix": [
      [
          -0.0007627269951626658,
            -0.10651398450136185,
            0.9943109154701233,
          8.044605
      ],
      [
          0.9999967217445374,
            0.0023441575467586517,
            0.0010182027472183108,
          46.626901
      ],
      [
          -0.0024392742197960615,
            0.9943084120750427,
            0.10651185363531113,
          1300.0
      ],
      [
        0.0,
        0.0,
        0.0,
        1.0
      ]
    ]
  },
  "First": {
    "cam_id": "First",
    "_comment": "46.660696, 8.049161",
    "file_path": "",
    "wid": 3072.0,
    "hei": 2048.0,
    "cx": 1536.0,
    "cy": 1024.0,
    "fx": 1000.0,
    "fy": 1400.0,
    "k1": 0,
    "k2": 0,
    "p1": 0,
    "p2": 0,
    "k3": 0,
    "k4": 0,
    "k5": 0,
    "k6": 0,
    "transform_matrix": [
      [
        -0.0007627269951626658,
        -0.10651398450136185,
        0.9943109154701233,
        8.049161
      ],
      [
        0.9999967217445374,
        0.0023441575467586517,
        0.0010182027472183108,
        46.660696
      ],
      [
        -0.0024392742197960615,
        0.9943084120750427,
        0.10651185363531113,
        2050.0
      ],
      [
        0.0,
        0.0,
        0.0,
        1.0
      ]
    ]
  },
  "Faulhorn_o": {
    "cam_id": "Faulhorn_o",
    "_comment": "46.674343, 8.002526",
    "file_path": "",
    "wid": 3072.0,
    "hei": 2048.0,
    "cx": 1536.0,
    "cy": 1024.0,
    "fx": 1000.0,
    "fy": 1400.0,
    "k1": 0,
    "k2": 0,
    "p1": 0,
    "p2": 0,
    "k3": 0,
    "k4": 0,
    "k5": 0,
    "k6": 0,
    "transform_matrix": [
      [
        -0.0007627269951626658,
        -0.10651398450136185,
        0.9943109154701233,
        7.956230
      ],
      [
        0.9999967217445374,
        0.0023441575467586517,
        0.0010182027472183108,
        46.653761
      ],
      [
        -0.0024392742197960615,
        0.9943084120750427,
        0.10651185363531113,
        2700.0
      ],
      [
        0.0,
        0.0,
        0.0,
        1.0
      ]
    ]
  },
  "Sägitalsee": {
    "cam_id": "Sägitalsee",
    "_comment": "46.682431, 7.973941",
    "file_path": "",
    "wid": 3072.0,
    "hei": 2048.0,
    "cx": 1536.0,
    "cy": 1024.0,
    "fx": 1000.0,
    "fy": 1400.0,
    "k1": 0,
    "k2": 0,
    "p1": 0,
    "p2": 0,
    "k3": 0,
    "k4": 0,
    "k5": 0,
    "k6": 0,
    "transform_matrix": [
[
          -0.4122263193130493,
          -0.072664774954319,
          -0.9081791043281555,
          7.973941
      ],
      [
          -0.9110646843910217,
          0.026824507862329483,
          0.4113897979259491,
          46.682431
      ],
      [
          -0.0055320896208286285,
          0.9969956278800964,
          -0.0772600769996643,
          2100.0
      ],
      [
          0.0,
          0.0,
          0.0,
          1.0
      ]
    ]
  },
  "Loucherhorn": {
    "cam_id": "Loucherhorn",
    "_comment": "46.671275, 7.945072",
    "file_path": "",
    "wid": 3072.0,
    "hei": 2048.0,
    "cx": 1536.0,
    "cy": 1024.0,
    "fx": 1000.0,
    "fy": 1400.0,
    "k1": 0,
    "k2": 0,
    "p1": 0,
    "p2": 0,
    "k3": 0,
    "k4": 0,
    "k5": 0,
    "k6": 0,
    "transform_matrix": [
      [
        -0.4122263193130493,
        -0.072664774954319,
        -0.9081791043281555,
        7.945072
      ],
      [
        -0.9110646843910217,
        0.026824507862329483,
        0.4113897979259491,
        46.671275
      ],
      [
        -0.0055320896208286285,
        0.9969956278800964,
        -0.0772600769996643,
        2300.0
      ],
      [
        0.0,
        0.0,
        0.0,
        1.0
      ]
    ]
  },
  "Interlaken": {
    "cam_id": "Interlaken",
    "_comment": "46.676779, 7.859803",
    "file_path": "",
        "wid": 3072.0,
    "hei": 2048.0,
    "cx": 1536.0,
    "cy": 1024.0,
    "fx": 1000.0,
    "fy": 1400.0,
    "k1": 0,
    "k2": 0,
    "p1": 0,
    "p2": 0,
    "k3": 0,
    "k4": 0,
    "k5": 0,
    "k6": 0,
    "transform_matrix": [
      [
          0.8479142189025879,
          -0.04119029641151428,
          -0.5285308361053467,
          7.859803
      ],
      [
          -0.530096709728241,
          -0.054140083491802216,
          -0.8462070226669312,
          46.676779
      ],
      [
          0.006240814924240112,
          0.9976834058761597,
          -0.06774099171161652,
          750.0
      ],
      [
        0.0,
        0.0,
        0.0,
        1.0
      ]
    ]
  }
}
