{
  "wayp_0_0": {
    "cam_id": "wayp_0_0",
    "file_path": "./images/wayp_0_0_inpaint_0.png",
    "mask_path": "./mask/wayp_0_0_GSmask.png",
    "depth_path": "./depth/wayp_0_0_depth.png",
    "wid": 3072,
    "hei": 2048,
    "cx": 1536.0,
    "cy": 1024.0,
    "fx": 1000.0,
    "fy": 1400.0,
    "k1": 0.0,
    "k2": 0.0,
    "p1": 0.0,
    "p2": 0.0,
    "k3": 0.0,
    "k4": 0.0,
    "k5": 0.0,
    "k6": 0.0,
    "transform_matrix": [
      [
        -0.9279552568643291,
        0.04755535265860461,
        -0.3696451402242068,
        418.19134521484375
      ],
      [
        -0.3723903378396458,
        -0.07843874526897002,
        0.9247555350060386,
        780.0808502197273
      ],
      [
        0.014982574596249493,
        0.995784038672114,
        0.090496799856804,
        21.666666666666668
      ],
      [
        0.0,
        0.0,
        0.0,
        1.0
      ]
    ]
  },
  "wayp_0_1": {
    "cam_id": "wayp_0_1",
    "file_path": "./images/wayp_0_1_inpaint_0.png",
    "mask_path": "./mask/wayp_0_1_GSmask.png",
    "depth_path": "./depth/wayp_0_1_depth.png",
    "wid": 3072,
    "hei": 2048,
    "cx": 1536.0,
    "cy": 1024.0,
    "fx": 1000.0,
    "fy": 1400.0,
    "k1": 0.0,
    "k2": 0.0,
    "p1": 0.0,
    "p2": 0.0,
    "k3": 0.0,
    "k4": 0.0,
    "k5": 0.0,
    "k6": 0.0,
    "transform_matrix": [
      [
        -0.9279552568643291,
        0.04755535265860461,
        -0.3696451402242068,
        431.59259711371516
      ],
      [
        -0.3723903378396458,
        -0.07843874526897002,
        0.9247555350060386,
        758.8218144734707
      ],
      [
        0.014982574596249493,
        0.995784038672114,
        0.090496799856804,
        25.333333333333332
      ],
      [
        0.0,
        0.0,
        0.0,
        1.0
      ]
    ]
  },
  "wayp_0_2": {
    "cam_id": "wayp_0_2",
    "file_path": "./images/wayp_0_2_inpaint_0.png",
    "mask_path": "./mask/wayp_0_2_GSmask.png",
    "depth_path": "./depth/wayp_0_2_depth.png",
    "wid": 3072,
    "hei": 2048,
    "cx": 1536.0,
    "cy": 1024.0,
    "fx": 1000.0,
    "fy": 1400.0,
    "k1": 0.0,
    "k2": 0.0,
    "p1": 0.0,
    "p2": 0.0,
    "k3": 0.0,
    "k4": 0.0,
    "k5": 0.0,
    "k6": 0.0,
    "transform_matrix": [
      [
        -0.9279552568643291,
        0.04755535265860461,
        -0.3696451402242068,
        444.9938490125866
      ],
      [
        -0.3723903378396458,
        -0.07843874526897002,
        0.9247555350060386,
        737.5627787272142
      ],
      [
        0.014982574596249493,
        0.995784038672114,
        0.090496799856804,
        29.0
      ],
      [
        0.0,
        0.0,
        0.0,
        1.0
      ]
    ]
  },
  "wayp_0_3": {
    "cam_id": "wayp_0_3",
    "file_path": "./images/wayp_0_3_inpaint_0.png",
    "mask_path": "./mask/wayp_0_3_GSmask.png",
    "depth_path": "./depth/wayp_0_3_depth.png",
    "wid": 3072,
    "hei": 2048,
    "cx": 1536.0,
    "cy": 1024.0,
    "fx": 1000.0,
    "fy": 1400.0,
    "k1": 0.0,
    "k2": 0.0,
    "p1": 0.0,
    "p2": 0.0,
    "k3": 0.0,
    "k4": 0.0,
    "k5": 0.0,
    "k6": 0.0,
    "transform_matrix": [
      [
        -0.9279552568643291,
        0.04755535265860461,
        -0.3696451402242068,
        458.38801405164907
      ],
      [
        -0.3723903378396458,
        -0.07843874526897002,
        0.9247555350060386,
        716.3046286265062
      ],
      [
        0.014982574596249493,
        0.995784038672114,
        0.090496799856804,
        32.666666666666664
      ],
      [
        0.0,
        0.0,
        0.0,
        1.0
      ]
    ]
  },
  "wayp_0_4": {
    "cam_id": "wayp_0_4",
    "file_path": "./images/wayp_0_4_inpaint_0.png",
    "mask_path": "./mask/wayp_0_4_GSmask.png",
    "depth_path": "./depth/wayp_0_4_depth.png",
    "wid": 3072,
    "hei": 2048,
    "cx": 1536.0,
    "cy": 1024.0,
    "fx": 1000.0,
    "fy": 1400.0,
    "k1": 0.0,
    "k2": 0.0,
    "p1": 0.0,
    "p2": 0.0,
    "k3": 0.0,
    "k4": 0.0,
    "k5": 0.0,
    "k6": 0.0,
    "transform_matrix": [
      [
        -0.9279552568643291,
        0.04755535265860458,
        -0.3696451402242068,
        471.7892659505205
      ],
      [
        -0.3723903378396458,
        -0.07843874526897002,
        0.9247555350060386,
        695.0455928802496
      ],
      [
        0.014982574596249493,
        0.995784038672114,
        0.090496799856804,
        36.333333333333336
      ],
      [
        0.0,
        0.0,
        0.0,
        1.0
      ]
    ]
  },
  "wayp_0_5": {
    "cam_id": "wayp_0_5",
    "file_path": "./images/wayp_0_5_inpaint_0.png",
    "mask_path": "./mask/wayp_0_5_GSmask.png",
    "depth_path": "./depth/wayp_0_5_depth.png",
    "wid": 3072,
    "hei": 2048,
    "cx": 1536.0,
    "cy": 1024.0,
    "fx": 1000.0,
    "fy": 1400.0,
    "k1": 0.0,
    "k2": 0.0,
    "p1": 0.0,
    "p2": 0.0,
    "k3": 0.0,
    "k4": 0.0,
    "k5": 0.0,
    "k6": 0.0,
    "transform_matrix": [
      [
        -0.9279552568643291,
        0.04755535265860458,
        -0.3696451402242068,
        485.19051784939194
      ],
      [
        -0.3723903378396458,
        -0.07843874526897002,
        0.9247555350060386,
        673.7865571339931
      ],
      [
        0.014982574596249493,
        0.995784038672114,
        0.090496799856804,
        40.0
      ],
      [
        0.0,
        0.0,
        0.0,
        1.0
      ]
    ]
  },
  "wayp_1_0": {
    "cam_id": "wayp_1_0",
    "file_path": "./images/wayp_1_0_inpaint_0.png",
    "mask_path": "./mask/wayp_1_0_GSmask.png",
    "depth_path": "./depth/wayp_1_0_depth.png",
    "wid": 3072,
    "hei": 2048,
    "cx": 1536.0,
    "cy": 1024.0,
    "fx": 1000.0,
    "fy": 1400.0,
    "k1": 0.0,
    "k2": 0.0,
    "p1": 0.0,
    "p2": 0.0,
    "k3": 0.0,
    "k4": 0.0,
    "k5": 0.0,
    "k6": 0.0,
    "transform_matrix": [
      [
        -0.9279552568643291,
        0.04755535265860461,
        -0.3696451402242068,
        485.19051784939194
      ],
      [
        -0.3723903378396458,
        -0.07843874526897002,
        0.9247555350060386,
        673.7865571339931
      ],
      [
        0.014982574596249493,
        0.995784038672114,
        0.090496799856804,
        40.0
      ],
      [
        0.0,
        0.0,
        0.0,
        1.0
      ]
    ]
  },
  "wayp_1_1": {
    "cam_id": "wayp_1_1",
    "file_path": "./images/wayp_1_1_inpaint_0.png",
    "mask_path": "./mask/wayp_1_1_GSmask.png",
    "depth_path": "./depth/wayp_1_1_depth.png",
    "wid": 3072,
    "hei": 2048,
    "cx": 1536.0,
    "cy": 1024.0,
    "fx": 1000.0,
    "fy": 1400.0,
    "k1": 0.0,
    "k2": 0.0,
    "p1": 0.0,
    "p2": 0.0,
    "k3": 0.0,
    "k4": 0.0,
    "k5": 0.0,
    "k6": 0.0,
    "transform_matrix": [
      [
        -0.9279552568643291,
        0.04755535265860458,
        -0.3696451402242068,
        529.6038682725687
      ],
      [
        -0.3723903378396458,
        -0.07843874526897002,
        0.9247555350060386,
        624.7155942281094
      ],
      [
        0.014982574596249493,
        0.995784038672114,
        0.090496799856804,
        38.333333333333336
      ],
      [
        0.0,
        0.0,
        0.0,
        1.0
      ]
    ]
  },
  "wayp_2_0": {
    "cam_id": "wayp_2_0",
    "file_path": "./images/wayp_2_0_inpaint_0.png",
    "mask_path": "./mask/wayp_2_0_GSmask.png",
    "depth_path": "./depth/wayp_2_0_depth.png",
    "wid": 3072,
    "hei": 2048,
    "cx": 1536.0,
    "cy": 1024.0,
    "fx": 1000.0,
    "fy": 1400.0,
    "k1": 0.0,
    "k2": 0.0,
    "p1": 0.0,
    "p2": 0.0,
    "k3": 0.0,
    "k4": 0.0,
    "k5": 0.0,
    "k6": 0.0,
    "transform_matrix": [
      [
        -0.9279552568643291,
        0.04755535265860461,
        -0.3696451402242068,
        529.6038682725687
      ],
      [
        -0.3723903378396458,
        -0.07843874526897002,
        0.9247555350060386,
        624.7155942281094
      ],
      [
        0.014982574596249493,
        0.995784038672114,
        0.090496799856804,
        38.333333333333336
      ],
      [
        0.0,
        0.0,
        0.0,
        1.0
      ]
    ]
  },
  "wayp_2_1": {
    "cam_id": "wayp_2_1",
    "file_path": "./images/wayp_2_1_inpaint_0.png",
    "mask_path": "./mask/wayp_2_1_GSmask.png",
    "depth_path": "./depth/wayp_2_1_depth.png",
    "wid": 3072,
    "hei": 2048,
    "cx": 1536.0,
    "cy": 1024.0,
    "fx": 1000.0,
    "fy": 1400.0,
    "k1": 0.0,
    "k2": 0.0,
    "p1": 0.0,
    "p2": 0.0,
    "k3": 0.0,
    "k4": 0.0,
    "k5": 0.0,
    "k6": 0.0,
    "transform_matrix": [
      [
        -0.5732118611479624,
        -0.04715194358109959,
        0.8180494217685226,
        521.2909817165792
      ],
      [
        0.819381936559791,
        -0.04082362619557918,
        0.5717925092057173,
        582.3595958709723
      ],
      [
        0.006434615669624499,
        0.9980531678025818,
        0.062036037594416046,
        23.333333333333332
      ],
      [
        0.0,
        0.0,
        0.0,
        1.0
      ]
    ]
  },
  "wayp_3_0": {
    "cam_id": "wayp_3_0",
    "file_path": "./images/wayp_3_0_inpaint_0.png",
    "mask_path": "./mask/wayp_3_0_GSmask.png",
    "depth_path": "./depth/wayp_3_0_depth.png",
    "wid": 3072,
    "hei": 2048,
    "cx": 1536.0,
    "cy": 1024.0,
    "fx": 1000.0,
    "fy": 1400.0,
    "k1": 0.0,
    "k2": 0.0,
    "p1": 0.0,
    "p2": 0.0,
    "k3": 0.0,
    "k4": 0.0,
    "k5": 0.0,
    "k6": 0.0,
    "transform_matrix": [
      [
        -0.5732118611479624,
        -0.04715194358109959,
        0.8180494217685224,
        521.2909817165792
      ],
      [
        0.819381936559791,
        -0.04082362619557922,
        0.5717925092057174,
        582.3595958709723
      ],
      [
        0.006434615669624555,
        0.9980531678025817,
        0.062036037594416005,
        23.333333333333332
      ],
      [
        0.0,
        0.0,
        0.0,
        1.0
      ]
    ]
  },
  "wayp_3_1": {
    "cam_id": "wayp_3_1",
    "file_path": "./images/wayp_3_1_inpaint_0.png",
    "mask_path": "./mask/wayp_3_1_GSmask.png",
    "depth_path": "./depth/wayp_3_1_depth.png",
    "wid": 3072,
    "hei": 2048,
    "cx": 1536.0,
    "cy": 1024.0,
    "fx": 1000.0,
    "fy": 1400.0,
    "k1": 0.0,
    "k2": 0.0,
    "p1": 0.0,
    "p2": 0.0,
    "k3": 0.0,
    "k4": 0.0,
    "k5": 0.0,
    "k6": 0.0,
    "transform_matrix": [
      [
        -0.5732118611479624,
        -0.04715194358109959,
        0.8180494217685224,
        503.0352308485238
      ],
      [
        0.819381936559791,
        -0.04082362619557922,
        0.5717925092057174,
        578.8364978790289
      ],
      [
        0.006434615669624555,
        0.9980531678025817,
        0.062036037594416005,
        20.11111043294271
      ],
      [
        0.0,
        0.0,
        0.0,
        1.0
      ]
    ]
  },
  "wayp_3_2": {
    "cam_id": "wayp_3_2",
    "file_path": "./images/wayp_3_2_inpaint_0.png",
    "mask_path": "./mask/wayp_3_2_GSmask.png",
    "depth_path": "./depth/wayp_3_2_depth.png",
    "wid": 3072,
    "hei": 2048,
    "cx": 1536.0,
    "cy": 1024.0,
    "fx": 1000.0,
    "fy": 1400.0,
    "k1": 0.0,
    "k2": 0.0,
    "p1": 0.0,
    "p2": 0.0,
    "k3": 0.0,
    "k4": 0.0,
    "k5": 0.0,
    "k6": 0.0,
    "transform_matrix": [
      [
        -0.5732118611479624,
        -0.04715194358109959,
        0.8180494217685224,
        484.77947998046835
      ],
      [
        0.819381936559791,
        -0.04082362619557922,
        0.5717925092057174,
        575.3125142415371
      ],
      [
        0.006434615669624555,
        0.9980531678025817,
        0.062036037594416005,
        16.88888956705729
      ],
      [
        0.0,
        0.0,
        0.0,
        1.0
      ]
    ]
  },
  "wayp_3_3": {
    "cam_id": "wayp_3_3",
    "file_path": "./images/wayp_3_3_inpaint_0.png",
    "mask_path": "./mask/wayp_3_3_GSmask.png",
    "depth_path": "./depth/wayp_3_3_depth.png",
    "wid": 3072,
    "hei": 2048,
    "cx": 1536.0,
    "cy": 1024.0,
    "fx": 1000.0,
    "fy": 1400.0,
    "k1": 0.0,
    "k2": 0.0,
    "p1": 0.0,
    "p2": 0.0,
    "k3": 0.0,
    "k4": 0.0,
    "k5": 0.0,
    "k6": 0.0,
    "transform_matrix": [
      [
        -0.5732118611479624,
        -0.04715194358109959,
        0.8180494217685224,
        466.52372911241287
      ],
      [
        0.819381936559791,
        -0.04082362619557922,
        0.5717925092057174,
        571.7894162495937
      ],
      [
        0.006434615669624555,
        0.9980531678025817,
        0.062036037594416005,
        13.666666666666666
      ],
      [
        0.0,
        0.0,
        0.0,
        1.0
      ]
    ]
  },
  "wayp_4_0": {
    "cam_id": "wayp_4_0",
    "file_path": "./images/wayp_4_0_inpaint_0.png",
    "mask_path": "./mask/wayp_4_0_GSmask.png",
    "depth_path": "./depth/wayp_4_0_depth.png",
    "wid": 3072,
    "hei": 2048,
    "cx": 1536.0,
    "cy": 1024.0,
    "fx": 1000.0,
    "fy": 1400.0,
    "k1": 0.0,
    "k2": 0.0,
    "p1": 0.0,
    "p2": 0.0,
    "k3": 0.0,
    "k4": 0.0,
    "k5": 0.0,
    "k6": 0.0,
    "transform_matrix": [
      [
        -0.5732118611479624,
        -0.04715194358109959,
        0.8180494217685224,
        466.52372911241287
      ],
      [
        0.819381936559791,
        -0.04082362619557922,
        0.5717925092057174,
        571.7894162495937
      ],
      [
        0.006434615669624555,
        0.9980531678025817,
        0.062036037594416005,
        13.666666666666666
      ],
      [
        0.0,
        0.0,
        0.0,
        1.0
      ]
    ]
  },
  "wayp_4_1": {
    "cam_id": "wayp_4_1",
    "file_path": "./images/wayp_4_1_inpaint_0.png",
    "mask_path": "./mask/wayp_4_1_GSmask.png",
    "depth_path": "./depth/wayp_4_1_depth.png",
    "wid": 3072,
    "hei": 2048,
    "cx": 1536.0,
    "cy": 1024.0,
    "fx": 1000.0,
    "fy": 1400.0,
    "k1": 0.0,
    "k2": 0.0,
    "p1": 0.0,
    "p2": 0.0,
    "k3": 0.0,
    "k4": 0.0,
    "k5": 0.0,
    "k6": 0.0,
    "transform_matrix": [
      [
        0.11930370775592575,
        0.003797512197955988,
        0.9928505447532348,
        446.75139024522554
      ],
      [
        0.9923924421339798,
        -0.031069694263012648,
        -0.11912982369565833,
        562.1580209096279
      ],
      [
        0.030395165915723943,
        0.9995100064529165,
        -0.007475352128583468,
        23.0
      ],
      [
        0.0,
        0.0,
        0.0,
        1.0
      ]
    ]
  },
  "wayp_4_2": {
    "cam_id": "wayp_4_2",
    "file_path": "./images/wayp_4_2_inpaint_0.png",
    "mask_path": "./mask/wayp_4_2_GSmask.png",
    "depth_path": "./depth/wayp_4_2_depth.png",
    "wid": 3072,
    "hei": 2048,
    "cx": 1536.0,
    "cy": 1024.0,
    "fx": 1000.0,
    "fy": 1400.0,
    "k1": 0.0,
    "k2": 0.0,
    "p1": 0.0,
    "p2": 0.0,
    "k3": 0.0,
    "k4": 0.0,
    "k5": 0.0,
    "k6": 0.0,
    "transform_matrix": [
      [
        0.7509725508941887,
        0.048271041709524676,
        0.6585667273221085,
        426.97196451822913
      ],
      [
        0.6603307939455665,
        -0.057710227629350075,
        -0.7487541466958204,
        552.5266255696621
      ],
      [
        0.001862893097541507,
        0.9971657014555032,
        -0.07521365215212722,
        32.333333333333336
      ],
      [
        0.0,
        0.0,
        0.0,
        1.0
      ]
    ]
  },
  "wayp_4_3": {
    "cam_id": "wayp_4_3",
    "file_path": "./images/wayp_4_3_inpaint_0.png",
    "mask_path": "./mask/wayp_4_3_GSmask.png",
    "depth_path": "./depth/wayp_4_3_depth.png",
    "wid": 3072,
    "hei": 2048,
    "cx": 1536.0,
    "cy": 1024.0,
    "fx": 1000.0,
    "fy": 1400.0,
    "k1": 0.0,
    "k2": 0.0,
    "p1": 0.0,
    "p2": 0.0,
    "k3": 0.0,
    "k4": 0.0,
    "k5": 0.0,
    "k6": 0.0,
    "transform_matrix": [
      [
        0.9978942774887403,
        0.06346398433980927,
        -0.013391551326925336,
        407.1996256510417
      ],
      [
        -0.00653198897546553,
        -0.10708477863815297,
        -0.9942284361775429,
        542.8952302296963
      ],
      [
        -0.06453172921322989,
        0.9922223404437811,
        -0.10644474176311464,
        41.666666666666664
      ],
      [
        0.0,
        0.0,
        0.0,
        1.0
      ]
    ]
  },
  "wayp_5_0": {
    "cam_id": "wayp_5_0",
    "file_path": "./images/wayp_5_0_inpaint_0.png",
    "mask_path": "./mask/wayp_5_0_GSmask.png",
    "depth_path": "./depth/wayp_5_0_depth.png",
    "wid": 3072,
    "hei": 2048,
    "cx": 1536.0,
    "cy": 1024.0,
    "fx": 1000.0,
    "fy": 1400.0,
    "k1": 0.0,
    "k2": 0.0,
    "p1": 0.0,
    "p2": 0.0,
    "k3": 0.0,
    "k4": 0.0,
    "k5": 0.0,
    "k6": 0.0,
    "transform_matrix": [
      [
        0.99789427748874,
        0.06346398433980929,
        -0.013391551326925277,
        407.1996256510417
      ],
      [
        -0.006531988975465482,
        -0.10708477863815263,
        -0.9942284361775426,
        542.8952302296963
      ],
      [
        -0.06453172921322992,
        0.9922223404437809,
        -0.1064447417631143,
        41.666666666666664
      ],
      [
        0.0,
        0.0,
        0.0,
        1.0
      ]
    ]
  },
  "wayp_5_1": {
    "cam_id": "wayp_5_1",
    "file_path": "./images/wayp_5_1_inpaint_0.png",
    "mask_path": "./mask/wayp_5_1_GSmask.png",
    "depth_path": "./depth/wayp_5_1_depth.png",
    "wid": 3072,
    "hei": 2048,
    "cx": 1536.0,
    "cy": 1024.0,
    "fx": 1000.0,
    "fy": 1400.0,
    "k1": 0.0,
    "k2": 0.0,
    "p1": 0.0,
    "p2": 0.0,
    "k3": 0.0,
    "k4": 0.0,
    "k5": 0.0,
    "k6": 0.0,
    "transform_matrix": [
      [
        0.99789427748874,
        0.06346398433980929,
        -0.013391551326925277,
        392.99047173394115
      ],
      [
        -0.006531988975465482,
        -0.10708477863815263,
        -0.9942284361775426,
        582.4765010833746
      ],
      [
        -0.06453172921322992,
        0.9922223404437809,
        -0.1064447417631143,
        40.0
      ],
      [
        0.0,
        0.0,
        0.0,
        1.0
      ]
    ]
  },
  "wayp_5_2": {
    "cam_id": "wayp_5_2",
    "file_path": "./images/wayp_5_2_inpaint_0.png",
    "mask_path": "./mask/wayp_5_2_GSmask.png",
    "depth_path": "./depth/wayp_5_2_depth.png",
    "wid": 3072,
    "hei": 2048,
    "cx": 1536.0,
    "cy": 1024.0,
    "fx": 1000.0,
    "fy": 1400.0,
    "k1": 0.0,
    "k2": 0.0,
    "p1": 0.0,
    "p2": 0.0,
    "k3": 0.0,
    "k4": 0.0,
    "k5": 0.0,
    "k6": 0.0,
    "transform_matrix": [
      [
        0.99789427748874,
        0.06346398433980929,
        -0.013391551326925277,
        378.77423095703153
      ],
      [
        -0.006531988975465482,
        -0.10708477863815263,
        -0.9942284361775426,
        622.0568862915045
      ],
      [
        -0.06453172921322992,
        0.9922223404437809,
        -0.1064447417631143,
        38.333333333333336
      ],
      [
        0.0,
        0.0,
        0.0,
        1.0
      ]
    ]
  },
  "wayp_5_3": {
    "cam_id": "wayp_5_3",
    "file_path": "./images/wayp_5_3_inpaint_0.png",
    "mask_path": "./mask/wayp_5_3_GSmask.png",
    "depth_path": "./depth/wayp_5_3_depth.png",
    "wid": 3072,
    "hei": 2048,
    "cx": 1536.0,
    "cy": 1024.0,
    "fx": 1000.0,
    "fy": 1400.0,
    "k1": 0.0,
    "k2": 0.0,
    "p1": 0.0,
    "p2": 0.0,
    "k3": 0.0,
    "k4": 0.0,
    "k5": 0.0,
    "k6": 0.0,
    "transform_matrix": [
      [
        0.99789427748874,
        0.06346398433980929,
        -0.013391551326925277,
        364.5650770399309
      ],
      [
        -0.006531988975465482,
        -0.10708477863815263,
        -0.9942284361775426,
        661.638157145183
      ],
      [
        -0.06453172921322992,
        0.9922223404437809,
        -0.1064447417631143,
        36.666666666666664
      ],
      [
        0.0,
        0.0,
        0.0,
        1.0
      ]
    ]
  },
  "wayp_6_0": {
    "cam_id": "wayp_6_0",
    "file_path": "./images/wayp_6_0_inpaint_0.png",
    "mask_path": "./mask/wayp_6_0_GSmask.png",
    "depth_path": "./depth/wayp_6_0_depth.png",
    "wid": 3072,
    "hei": 2048,
    "cx": 1536.0,
    "cy": 1024.0,
    "fx": 1000.0,
    "fy": 1400.0,
    "k1": 0.0,
    "k2": 0.0,
    "p1": 0.0,
    "p2": 0.0,
    "k3": 0.0,
    "k4": 0.0,
    "k5": 0.0,
    "k6": 0.0,
    "transform_matrix": [
      [
        0.99789427748874,
        0.06346398433980929,
        -0.013391551326925277,
        364.5650770399309
      ],
      [
        -0.006531988975465482,
        -0.10708477863815263,
        -0.9942284361775426,
        661.638157145183
      ],
      [
        -0.06453172921322992,
        0.9922223404437809,
        -0.1064447417631143,
        36.666666666666664
      ],
      [
        0.0,
        0.0,
        0.0,
        1.0
      ]
    ]
  },
  "wayp_6_1": {
    "cam_id": "wayp_6_1",
    "file_path": "./images/wayp_6_1_inpaint_0.png",
    "mask_path": "./mask/wayp_6_1_GSmask.png",
    "depth_path": "./depth/wayp_6_1_depth.png",
    "wid": 3072,
    "hei": 2048,
    "cx": 1536.0,
    "cy": 1024.0,
    "fx": 1000.0,
    "fy": 1400.0,
    "k1": 0.0,
    "k2": 0.0,
    "p1": 0.0,
    "p2": 0.0,
    "k3": 0.0,
    "k4": 0.0,
    "k5": 0.0,
    "k6": 0.0,
    "transform_matrix": [
      [
        0.8788148879273605,
        -0.020437224181925256,
        -0.4767249863652615,
        378.90888129340306
      ],
      [
        -0.47618264922336706,
        -0.10156870091263132,
        -0.8734608655077436,
        683.0229545593268
      ],
      [
        -0.030569222035191218,
        0.9946185795885065,
        -0.09899193806318268,
        33.333333333333336
      ],
      [
        0.0,
        0.0,
        0.0,
        1.0
      ]
    ]
  },
  "wayp_6_2": {
    "cam_id": "wayp_6_2",
    "file_path": "./images/wayp_6_2_inpaint_0.png",
    "mask_path": "./mask/wayp_6_2_GSmask.png",
    "depth_path": "./depth/wayp_6_2_depth.png",
    "wid": 3072,
    "hei": 2048,
    "cx": 1536.0,
    "cy": 1024.0,
    "fx": 1000.0,
    "fy": 1400.0,
    "k1": 0.0,
    "k2": 0.0,
    "p1": 0.0,
    "p2": 0.0,
    "k3": 0.0,
    "k4": 0.0,
    "k5": 0.0,
    "k6": 0.0,
    "transform_matrix": [
      [
        0.5519555682456584,
        -0.09191040979064641,
        -0.8287928132257952,
        393.2597724066842
      ],
      [
        -0.8338679972622269,
        -0.057218740537101076,
        -0.5489901446048285,
        704.4086376190193
      ],
      [
        0.0030354282226752183,
        0.994121970536545,
        -0.10822335178713338,
        30.0
      ],
      [
        0.0,
        0.0,
        0.0,
        1.0
      ]
    ]
  },
  "wayp_6_3": {
    "cam_id": "wayp_6_3",
    "file_path": "./images/wayp_6_3_inpaint_0.png",
    "mask_path": "./mask/wayp_6_3_GSmask.png",
    "depth_path": "./depth/wayp_6_3_depth.png",
    "wid": 3072,
    "hei": 2048,
    "cx": 1536.0,
    "cy": 1024.0,
    "fx": 1000.0,
    "fy": 1400.0,
    "k1": 0.0,
    "k2": 0.0,
    "p1": 0.0,
    "p2": 0.0,
    "k3": 0.0,
    "k4": 0.0,
    "k5": 0.0,
    "k6": 0.0,
    "transform_matrix": [
      [
        0.09450396699475949,
        -0.13407721901927938,
        -0.9864544082532705,
        407.60357666015636
      ],
      [
        -0.9951208349004923,
        0.01549188374082422,
        -0.09743985573218167,
        725.7934350331631
      ],
      [
        0.028346501886493902,
        0.9908497872423536,
        -0.13195898966187186,
        26.666666666666668
      ],
      [
        0.0,
        0.0,
        0.0,
        1.0
      ]
    ]
  },
  "wayp_7_0": {
    "cam_id": "wayp_7_0",
    "file_path": "./images/wayp_7_0_inpaint_0.png",
    "mask_path": "./mask/wayp_7_0_GSmask.png",
    "depth_path": "./depth/wayp_7_0_depth.png",
    "wid": 3072,
    "hei": 2048,
    "cx": 1536.0,
    "cy": 1024.0,
    "fx": 1000.0,
    "fy": 1400.0,
    "k1": 0.0,
    "k2": 0.0,
    "p1": 0.0,
    "p2": 0.0,
    "k3": 0.0,
    "k4": 0.0,
    "k5": 0.0,
    "k6": 0.0,
    "transform_matrix": [
      [
        0.09450396699475933,
        -0.13407721901927933,
        -0.9864544082532705,
        407.60357666015636
      ],
      [
        -0.9951208349004921,
        0.015491883740824275,
        -0.09743985573218156,
        725.7934350331631
      ],
      [
        0.028346501886493958,
        0.9908497872423534,
        -0.13195898966187192,
        26.666666666666668
      ],
      [
        0.0,
        0.0,
        0.0,
        1.0
      ]
    ]
  },
  "wayp_7_1": {
    "cam_id": "wayp_7_1",
    "file_path": "./images/wayp_7_1_inpaint_0.png",
    "mask_path": "./mask/wayp_7_1_GSmask.png",
    "depth_path": "./depth/wayp_7_1_depth.png",
    "wid": 3072,
    "hei": 2048,
    "cx": 1536.0,
    "cy": 1024.0,
    "fx": 1000.0,
    "fy": 1400.0,
    "k1": 0.0,
    "k2": 0.0,
    "p1": 0.0,
    "p2": 0.0,
    "k3": 0.0,
    "k4": 0.0,
    "k5": 0.0,
    "k6": 0.0,
    "transform_matrix": [
      [
        0.14029857731745804,
        -0.059466166840715706,
        -0.9883218525379118,
        422.7978040907118
      ],
      [
        -0.9896904109138958,
        0.02060818637495304,
        -0.1417328232958749,
        768.3442754109707
      ],
      [
        0.028795828652458333,
        0.9980175738210263,
        -0.055961795866563135,
        28.88888956705729
      ],
      [
        0.0,
        0.0,
        0.0,
        1.0
      ]
    ]
  },
  "wayp_7_2": {
    "cam_id": "wayp_7_2",
    "file_path": "./images/wayp_7_2_inpaint_0.png",
    "mask_path": "./mask/wayp_7_2_GSmask.png",
    "depth_path": "./depth/wayp_7_2_depth.png",
    "wid": 3072,
    "hei": 2048,
    "cx": 1536.0,
    "cy": 1024.0,
    "fx": 1000.0,
    "fy": 1400.0,
    "k1": 0.0,
    "k2": 0.0,
    "p1": 0.0,
    "p2": 0.0,
    "k3": 0.0,
    "k4": 0.0,
    "k5": 0.0,
    "k6": 0.0,
    "transform_matrix": [
      [
        0.18571133005229287,
        0.015173509744034863,
        -0.9824871838819353,
        437.99911838107624
      ],
      [
        -0.9822675006223099,
        0.029045751561237843,
        -0.1852212232370874,
        810.8942301432298
      ],
      [
        0.025726622619544948,
        0.9994629102264327,
        0.020298570646747394,
        31.11111043294271
      ],
      [
        0.0,
        0.0,
        0.0,
        1.0
      ]
    ]
  },
  "wayp_7_3": {
    "cam_id": "wayp_7_3",
    "file_path": "./images/wayp_7_3_inpaint_0.png",
    "mask_path": "./mask/wayp_7_3_GSmask.png",
    "depth_path": "./depth/wayp_7_3_depth.png",
    "wid": 3072,
    "hei": 2048,
    "cx": 1536.0,
    "cy": 1024.0,
    "fx": 1000.0,
    "fy": 1400.0,
    "k1": 0.0,
    "k2": 0.0,
    "p1": 0.0,
    "p2": 0.0,
    "k3": 0.0,
    "k4": 0.0,
    "k5": 0.0,
    "k6": 0.0,
    "transform_matrix": [
      [
        0.23039000097476603,
        0.08926290061350595,
        -0.9689956563498676,
        453.19334581163173
      ],
      [
        -0.9729096765943097,
        0.04073913700262766,
        -0.2275677567350809,
        853.444184875489
      ],
      [
        0.01916268874670629,
        0.9951745863366612,
        0.09623062958150264,
        33.333333333333336
      ],
      [
        0.0,
        0.0,
        0.0,
        1.0
      ]
    ]
  },
  "wayp_8_0": {
    "cam_id": "wayp_8_0",
    "file_path": "./images/wayp_8_0_inpaint_0.png",
    "mask_path": "./mask/wayp_8_0_GSmask.png",
    "depth_path": "./depth/wayp_8_0_depth.png",
    "wid": 3072,
    "hei": 2048,
    "cx": 1536.0,
    "cy": 1024.0,
    "fx": 1000.0,
    "fy": 1400.0,
    "k1": 0.0,
    "k2": 0.0,
    "p1": 0.0,
    "p2": 0.0,
    "k3": 0.0,
    "k4": 0.0,
    "k5": 0.0,
    "k6": 0.0,
    "transform_matrix": [
      [
        0.2303900009747661,
        0.089262900613506,
        -0.9689956563498676,
        453.19334581163173
      ],
      [
        -0.9729096765943097,
        0.04073913700262766,
        -0.227567756735081,
        853.444184875489
      ],
      [
        0.01916268874670629,
        0.9951745863366611,
        0.09623062958150266,
        33.333333333333336
      ],
      [
        0.0,
        0.0,
        0.0,
        1.0
      ]
    ]
  },
  "wayp_8_1": {
    "cam_id": "wayp_8_1",
    "file_path": "./images/wayp_8_1_inpaint_0.png",
    "mask_path": "./mask/wayp_8_1_GSmask.png",
    "depth_path": "./depth/wayp_8_1_depth.png",
    "wid": 3072,
    "hei": 2048,
    "cx": 1536.0,
    "cy": 1024.0,
    "fx": 1000.0,
    "fy": 1400.0,
    "k1": 0.0,
    "k2": 0.0,
    "p1": 0.0,
    "p2": 0.0,
    "k3": 0.0,
    "k4": 0.0,
    "k5": 0.0,
    "k6": 0.0,
    "transform_matrix": [
      [
        -0.2617808030446688,
        0.08025067581846257,
        -0.961785132026883,
        475.1555243598086
      ],
      [
        -0.9650121655746194,
        -0.006368518934576156,
        0.2621277594219345,
        866.7873207092292
      ],
      [
        0.01491078302008264,
        0.9967543684365072,
        0.07911003446129991,
        40.55555419921875
      ],
      [
        0.0,
        0.0,
        0.0,
        1.0
      ]
    ]
  },
  "wayp_8_2": {
    "cam_id": "wayp_8_2",
    "file_path": "./images/wayp_8_2_inpaint_0.png",
    "mask_path": "./mask/wayp_8_2_GSmask.png",
    "depth_path": "./depth/wayp_8_2_depth.png",
    "wid": 3072,
    "hei": 2048,
    "cx": 1536.0,
    "cy": 1024.0,
    "fx": 1000.0,
    "fy": 1400.0,
    "k1": 0.0,
    "k2": 0.0,
    "p1": 0.0,
    "p2": 0.0,
    "k3": 0.0,
    "k4": 0.0,
    "k5": 0.0,
    "k6": 0.0,
    "transform_matrix": [
      [
        -0.690467988927614,
        0.049840274787762484,
        -0.7216438895156924,
        497.11770290798563
      ],
      [
        -0.723356847051789,
        -0.04347565070589475,
        0.6891043024238013,
        880.1322278340664
      ],
      [
        0.0029712101156040838,
        0.9978105104701891,
        0.06607084913688922,
        47.77777913411458
      ],
      [
        0.0,
        0.0,
        0.0,
        1.0
      ]
    ]
  },
  "wayp_8_3": {
    "cam_id": "wayp_8_3",
    "file_path": "./images/wayp_8_3_inpaint_0.png",
    "mask_path": "./mask/wayp_8_3_GSmask.png",
    "depth_path": "./depth/wayp_8_3_depth.png",
    "wid": 3072,
    "hei": 2048,
    "cx": 1536.0,
    "cy": 1024.0,
    "fx": 1000.0,
    "fy": 1400.0,
    "k1": 0.0,
    "k2": 0.0,
    "p1": 0.0,
    "p2": 0.0,
    "k3": 0.0,
    "k4": 0.0,
    "k5": 0.0,
    "k6": 0.0,
    "transform_matrix": [
      [
        -0.9517658846074384,
        0.005402604002789108,
        -0.3067776275535897,
        519.0798814561626
      ],
      [
        -0.30651640317369766,
        -0.06158819086043765,
        0.9498708277086929,
        893.4753636678066
      ],
      [
        -0.013762103141571141,
        0.9980870235688506,
        0.060273525702362885,
        55.0
      ],
      [
        0.0,
        0.0,
        0.0,
        1.0
      ]
    ]
  },
  "wayp_9_0": {
    "cam_id": "wayp_9_0",
    "file_path": "./images/wayp_9_0_inpaint_0.png",
    "mask_path": "./mask/wayp_9_0_GSmask.png",
    "depth_path": "./depth/wayp_9_0_depth.png",
    "wid": 3072,
    "hei": 2048,
    "cx": 1536.0,
    "cy": 1024.0,
    "fx": 1000.0,
    "fy": 1400.0,
    "k1": 0.0,
    "k2": 0.0,
    "p1": 0.0,
    "p2": 0.0,
    "k3": 0.0,
    "k4": 0.0,
    "k5": 0.0,
    "k6": 0.0,
    "transform_matrix": [
      [
        -0.9517658846074384,
        0.0054026040027889966,
        -0.30677762755359,
        519.0798814561626
      ],
      [
        -0.3065164031736979,
        -0.06158819086043764,
        0.9498708277086929,
        893.4753636678066
      ],
      [
        -0.01376210314157128,
        0.9980870235688506,
        0.0602735257023629,
        55.0
      ],
      [
        0.0,
        0.0,
        0.0,
        1.0
      ]
    ]
  },
  "wayp_9_1": {
    "cam_id": "wayp_9_1",
    "file_path": "./images/wayp_9_1_inpaint_0.png",
    "mask_path": "./mask/wayp_9_1_GSmask.png",
    "depth_path": "./depth/wayp_9_1_depth.png",
    "wid": 3072,
    "hei": 2048,
    "cx": 1536.0,
    "cy": 1024.0,
    "fx": 1000.0,
    "fy": 1400.0,
    "k1": 0.0,
    "k2": 0.0,
    "p1": 0.0,
    "p2": 0.0,
    "k3": 0.0,
    "k4": 0.0,
    "k5": 0.0,
    "k6": 0.0,
    "transform_matrix": [
      [
        -0.9517658846074384,
        0.0054026040027889966,
        -0.30677762755359,
        525.6139662000861
      ],
      [
        -0.3065164031736979,
        -0.06158819086043764,
        0.9498708277086929,
        864.8814114888515
      ],
      [
        -0.01376210314157128,
        0.9980870235688506,
        0.0602735257023629,
        57.77777913411458
      ],
      [
        0.0,
        0.0,
        0.0,
        1.0
      ]
    ]
  },
  "wayp_9_2": {
    "cam_id": "wayp_9_2",
    "file_path": "./images/wayp_9_2_inpaint_0.png",
    "mask_path": "./mask/wayp_9_2_GSmask.png",
    "depth_path": "./depth/wayp_9_2_depth.png",
    "wid": 3072,
    "hei": 2048,
    "cx": 1536.0,
    "cy": 1024.0,
    "fx": 1000.0,
    "fy": 1400.0,
    "k1": 0.0,
    "k2": 0.0,
    "p1": 0.0,
    "p2": 0.0,
    "k3": 0.0,
    "k4": 0.0,
    "k5": 0.0,
    "k6": 0.0,
    "transform_matrix": [
      [
        -0.9517658846074384,
        0.0054026040027889966,
        -0.30677762755359,
        532.1409640842007
      ],
      [
        -0.3065164031736979,
        -0.06158819086043764,
        0.9498708277086929,
        836.2874593098965
      ],
      [
        -0.01376210314157128,
        0.9980870235688506,
        0.0602735257023629,
        60.55555419921875
      ],
      [
        0.0,
        0.0,
        0.0,
        1.0
      ]
    ]
  },
  "wayp_9_3": {
    "cam_id": "wayp_9_3",
    "file_path": "./images/wayp_9_3_inpaint_0.png",
    "mask_path": "./mask/wayp_9_3_GSmask.png",
    "depth_path": "./depth/wayp_9_3_depth.png",
    "wid": 3072,
    "hei": 2048,
    "cx": 1536.0,
    "cy": 1024.0,
    "fx": 1000.0,
    "fy": 1400.0,
    "k1": 0.0,
    "k2": 0.0,
    "p1": 0.0,
    "p2": 0.0,
    "k3": 0.0,
    "k4": 0.0,
    "k5": 0.0,
    "k6": 0.0,
    "transform_matrix": [
      [
        -0.9517658846074384,
        0.0054026040027889966,
        -0.30677762755359,
        538.6750488281243
      ],
      [
        -0.3065164031736979,
        -0.06158819086043764,
        0.9498708277086929,
        807.6935071309414
      ],
      [
        -0.01376210314157128,
        0.9980870235688506,
        0.0602735257023629,
        63.333333333333336
      ],
      [
        0.0,
        0.0,
        0.0,
        1.0
      ]
    ]
  },
  "wayp_10_0": {
    "cam_id": "wayp_10_0",
    "file_path": "./images/wayp_10_0_inpaint_0.png",
    "mask_path": "./mask/wayp_10_0_GSmask.png",
    "depth_path": "./depth/wayp_10_0_depth.png",
    "wid": 3072,
    "hei": 2048,
    "cx": 1536.0,
    "cy": 1024.0,
    "fx": 1000.0,
    "fy": 1400.0,
    "k1": 0.0,
    "k2": 0.0,
    "p1": 0.0,
    "p2": 0.0,
    "k3": 0.0,
    "k4": 0.0,
    "k5": 0.0,
    "k6": 0.0,
    "transform_matrix": [
      [
        -0.9517658846074384,
        0.0054026040027889966,
        -0.30677762755359,
        538.6750488281243
      ],
      [
        -0.3065164031736979,
        -0.06158819086043764,
        0.9498708277086929,
        807.6935071309414
      ],
      [
        -0.01376210314157128,
        0.9980870235688506,
        0.0602735257023629,
        63.333333333333336
      ],
      [
        0.0,
        0.0,
        0.0,
        1.0
      ]
    ]
  },
  "wayp_10_1": {
    "cam_id": "wayp_10_1",
    "file_path": "./images/wayp_10_1_inpaint_0.png",
    "mask_path": "./mask/wayp_10_1_GSmask.png",
    "depth_path": "./depth/wayp_10_1_depth.png",
    "wid": 3072,
    "hei": 2048,
    "cx": 1536.0,
    "cy": 1024.0,
    "fx": 1000.0,
    "fy": 1400.0,
    "k1": 0.0,
    "k2": 0.0,
    "p1": 0.0,
    "p2": 0.0,
    "k3": 0.0,
    "k4": 0.0,
    "k5": 0.0,
    "k6": 0.0,
    "transform_matrix": [
      [
        -0.9517658846074384,
        0.0054026040027889966,
        -0.30677762755359,
        551.5943942599818
      ],
      [
        -0.3065164031736979,
        -0.06158819086043764,
        0.9498708277086929,
        762.8072194417324
      ],
      [
        -0.01376210314157128,
        0.9980870235688506,
        0.0602735257023629,
        66.11111246744791
      ],
      [
        0.0,
        0.0,
        0.0,
        1.0
      ]
    ]
  },
  "wayp_10_2": {
    "cam_id": "wayp_10_2",
    "file_path": "./images/wayp_10_2_inpaint_0.png",
    "mask_path": "./mask/wayp_10_2_GSmask.png",
    "depth_path": "./depth/wayp_10_2_depth.png",
    "wid": 3072,
    "hei": 2048,
    "cx": 1536.0,
    "cy": 1024.0,
    "fx": 1000.0,
    "fy": 1400.0,
    "k1": 0.0,
    "k2": 0.0,
    "p1": 0.0,
    "p2": 0.0,
    "k3": 0.0,
    "k4": 0.0,
    "k5": 0.0,
    "k6": 0.0,
    "transform_matrix": [
      [
        -0.9517658846074384,
        0.0054026040027889966,
        -0.30677762755359,
        564.5066528320303
      ],
      [
        -0.3065164031736979,
        -0.06158819086043764,
        0.9498708277086929,
        717.921817398072
      ],
      [
        -0.01376210314157128,
        0.9980870235688506,
        0.0602735257023629,
        68.8888916015625
      ],
      [
        0.0,
        0.0,
        0.0,
        1.0
      ]
    ]
  },
  "wayp_10_3": {
    "cam_id": "wayp_10_3",
    "file_path": "./images/wayp_10_3_inpaint_0.png",
    "mask_path": "./mask/wayp_10_3_GSmask.png",
    "depth_path": "./depth/wayp_10_3_depth.png",
    "wid": 3072,
    "hei": 2048,
    "cx": 1536.0,
    "cy": 1024.0,
    "fx": 1000.0,
    "fy": 1400.0,
    "k1": 0.0,
    "k2": 0.0,
    "p1": 0.0,
    "p2": 0.0,
    "k3": 0.0,
    "k4": 0.0,
    "k5": 0.0,
    "k6": 0.0,
    "transform_matrix": [
      [
        -0.9517658846074384,
        0.0054026040027889966,
        -0.30677762755359,
        577.4259982638879
      ],
      [
        -0.3065164031736979,
        -0.06158819086043764,
        0.9498708277086929,
        673.0364153544115
      ],
      [
        -0.01376210314157128,
        0.9980870235688506,
        0.0602735257023629,
        71.66666666666667
      ],
      [
        0.0,
        0.0,
        0.0,
        1.0
      ]
    ]
  },
  "wayp_11_0": {
    "cam_id": "wayp_11_0",
    "file_path": "./images/wayp_11_0_inpaint_0.png",
    "mask_path": "./mask/wayp_11_0_GSmask.png",
    "depth_path": "./depth/wayp_11_0_depth.png",
    "wid": 3072,
    "hei": 2048,
    "cx": 1536.0,
    "cy": 1024.0,
    "fx": 1000.0,
    "fy": 1400.0,
    "k1": 0.0,
    "k2": 0.0,
    "p1": 0.0,
    "p2": 0.0,
    "k3": 0.0,
    "k4": 0.0,
    "k5": 0.0,
    "k6": 0.0,
    "transform_matrix": [
      [
        -0.9517658846074384,
        0.0054026040027889966,
        -0.30677762755359,
        577.4259982638879
      ],
      [
        -0.3065164031736979,
        -0.06158819086043764,
        0.9498708277086929,
        673.0364153544115
      ],
      [
        -0.01376210314157128,
        0.9980870235688506,
        0.0602735257023629,
        71.66666666666667
      ],
      [
        0.0,
        0.0,
        0.0,
        1.0
      ]
    ]
  },
  "wayp_11_1": {
    "cam_id": "wayp_11_1",
    "file_path": "./images/wayp_11_1_inpaint_0.png",
    "mask_path": "./mask/wayp_11_1_GSmask.png",
    "depth_path": "./depth/wayp_11_1_depth.png",
    "wid": 3072,
    "hei": 2048,
    "cx": 1536.0,
    "cy": 1024.0,
    "fx": 1000.0,
    "fy": 1400.0,
    "k1": 0.0,
    "k2": 0.0,
    "p1": 0.0,
    "p2": 0.0,
    "k3": 0.0,
    "k4": 0.0,
    "k5": 0.0,
    "k6": 0.0,
    "transform_matrix": [
      [
        -0.9503813229363627,
        -0.04352011258231708,
        0.3080281493866298,
        554.1102294921866
      ],
      [
        0.31040079700766937,
        -0.06691422509715823,
        0.948247769149314,
        614.0125677744554
      ],
      [
        -0.020656384744991124,
        0.9968091523859869,
        0.0771027074025135,
        63.61111246744792
      ],
      [
        0.0,
        0.0,
        0.0,
        1.0
      ]
    ]
  },
  "wayp_11_2": {
    "cam_id": "wayp_11_2",
