{
  "wayp_0": {
    "cam_id": "wayp_0",
    "file_path": "./images/wayp_0_inpaint_0.png",
    "mask_path": "./mask/wayp_0_GSmask.png",
    "depth_path": "./depth/wayp_0_depth.png",
    "wid": 3072,
    "hei": 2048,
    "cx": 1536.0,
    "cy": 1024.0,
    "fx": 1000.0,
    "fy": 1400.0,
    "k1": 0.0,
    "k2": 0.0,
    "p1": 0.0,
    "p2": 0.0,
    "k3": 0.0,
    "k4": 0.0,
    "k5": 0.0,
    "k6": 0.0,
    "transform_matrix": [
      [
        -0.9279552568643291,
        0.04755535265860461,
        -0.3696451402242068,
        -1362178.4317491234
      ],
      [
        -0.3723903378396458,
        -0.07843874526897002,
        0.9247555350060386,
        762604.991845703
      ],
      [
        0.014982574596249493,
        0.995784038672114,
        0.090496799856804,
        0.36111110051472983
      ],
      [
        0.0,
        0.0,
        0.0,
        1.0
      ]
    ]
  },
  "wayp_1": {
    "cam_id": "wayp_1",
    "file_path": "./images/wayp_1_inpaint_0.png",
    "mask_path": "./mask/wayp_1_GSmask.png",
    "depth_path": "./depth/wayp_1_depth.png",
    "wid": 3072,
    "hei": 2048,
    "cx": 1536.0,
    "cy": 1024.0,
    "fx": 1000.0,
    "fy": 1400.0,
    "k1": 0.0,
    "k2": 0.0,
    "p1": 0.0,
    "p2": 0.0,
    "k3": 0.0,
    "k4": 0.0,
    "k5": 0.0,
    "k6": 0.0,
    "transform_matrix": [
      [
        -0.9279552568643291,
        0.04755535265860461,
        -0.3696451402242068,
        -1356792.7176190745
      ],
      [
        -0.3723903378396458,
        -0.07843874526897002,
        0.9247555350060386,
        763718.651935286
      ],
      [
        0.014982574596249493,
        0.995784038672114,
        0.090496799856804,
        0.3694135899159932
      ],
      [
        0.0,
        0.0,
        0.0,
        1.0
      ]
    ]
  },
  "wayp_2": {
    "cam_id": "wayp_2",
    "file_path": "./images/wayp_2_inpaint_0.png",
    "mask_path": "./mask/wayp_2_GSmask.png",
    "depth_path": "./depth/wayp_2_depth.png",
    "wid": 3072,
    "hei": 2048,
    "cx": 1536.0,
    "cy": 1024.0,
    "fx": 1000.0,
    "fy": 1400.0,
    "k1": 0.0,
    "k2": 0.0,
    "p1": 0.0,
    "p2": 0.0,
    "k3": 0.0,
    "k4": 0.0,
    "k5": 0.0,
    "k6": 0.0,
    "transform_matrix": [
      [
        -0.9279552568643291,
        0.04755535265860461,
        -0.3696451402242068,
        -1351507.7321999052
      ],
      [
        -0.3723903378396458,
        -0.07843874526897002,
        0.9247555350060386,
        764854.4708396897
      ],
      [
        0.014982574596249493,
        0.995784038672114,
        0.090496799856804,
        0.37757466036702636
      ],
      [
        0.0,
        0.0,
        0.0,
        1.0
      ]
    ]
  },
  "wayp_3": {
    "cam_id": "wayp_3",
    "file_path": "./images/wayp_3_inpaint_0.png",
    "mask_path": "./mask/wayp_3_GSmask.png",
    "depth_path": "./depth/wayp_3_depth.png",
    "wid": 3072,
    "hei": 2048,
    "cx": 1536.0,
    "cy": 1024.0,
    "fx": 1000.0,
    "fy": 1400.0,
    "k1": 0.0,
    "k2": 0.0,
    "p1": 0.0,
    "p2": 0.0,
    "k3": 0.0,
    "k4": 0.0,
    "k5": 0.0,
    "k6": 0.0,
    "transform_matrix": [
      [
        -0.9279552568643291,
        0.04755535265860461,
        -0.3696451402242068,
        -1346322.4404764369
      ],
      [
        -0.3723903378396458,
        -0.07843874526897002,
        0.9247555350060386,
        766012.0304220436
      ],
      [
        0.014982574596249493,
        0.995784038672114,
        0.090496799856804,
        0.3855953868952563
      ],
      [
        0.0,
        0.0,
        0.0,
        1.0
      ]
    ]
  },
  "wayp_4": {
    "cam_id": "wayp_4",
    "file_path": "./images/wayp_4_inpaint_0.png",
    "mask_path": "./mask/wayp_4_GSmask.png",
    "depth_path": "./depth/wayp_4_depth.png",
    "wid": 3072,
    "hei": 2048,
    "cx": 1536.0,
    "cy": 1024.0,
    "fx": 1000.0,
    "fy": 1400.0,
    "k1": 0.0,
    "k2": 0.0,
    "p1": 0.0,
    "p2": 0.0,
    "k3": 0.0,
    "k4": 0.0,
    "k5": 0.0,
    "k6": 0.0,
    "transform_matrix": [
      [
        -0.9279552568643291,
        0.04755535265860461,
        -0.3696451402242068,
        -1341235.8074334925
      ],
      [
        -0.3723903378396458,
        -0.07843874526897002,
        0.9247555350060386,
        767190.9125454776
      ],
      [
        0.014982574596249493,
        0.995784038672114,
        0.090496799856804,
        0.3934768445281099
      ],
      [
        0.0,
        0.0,
        0.0,
        1.0
      ]
    ]
  },
  "wayp_5": {
    "cam_id": "wayp_5",
    "file_path": "./images/wayp_5_inpaint_0.png",
    "mask_path": "./mask/wayp_5_GSmask.png",
    "depth_path": "./depth/wayp_5_depth.png",
    "wid": 3072,
    "hei": 2048,
    "cx": 1536.0,
    "cy": 1024.0,
    "fx": 1000.0,
    "fy": 1400.0,
    "k1": 0.0,
    "k2": 0.0,
    "p1": 0.0,
    "p2": 0.0,
    "k3": 0.0,
    "k4": 0.0,
    "k5": 0.0,
    "k6": 0.0,
    "transform_matrix": [
      [
        -0.9279552568643291,
        0.04755535265860461,
        -0.3696451402242068,
        -1336246.7980558937
      ],
      [
        -0.3723903378396458,
        -0.07843874526897002,
        0.9247555350060386,
        768390.6990731215
      ],
      [
        0.014982574596249493,
        0.995784038672114,
        0.090496799856804,
        0.40122010829301424
      ],
      [
        0.0,
        0.0,
        0.0,
        1.0
      ]
    ]
  },
  "wayp_6": {
    "cam_id": "wayp_6",
    "file_path": "./images/wayp_6_inpaint_0.png",
    "mask_path": "./mask/wayp_6_GSmask.png",
    "depth_path": "./depth/wayp_6_depth.png",
    "wid": 3072,
    "hei": 2048,
    "cx": 1536.0,
    "cy": 1024.0,
    "fx": 1000.0,
    "fy": 1400.0,
    "k1": 0.0,
    "k2": 0.0,
    "p1": 0.0,
    "p2": 0.0,
    "k3": 0.0,
    "k4": 0.0,
    "k5": 0.0,
    "k6": 0.0,
    "transform_matrix": [
      [
        -0.9279552568643291,
        0.04755535265860461,
        -0.3696451402242068,
        -1331354.3773284627
      ],
      [
        -0.3723903378396458,
        -0.07843874526897002,
        0.9247555350060386,
        769610.9718681049
      ],
      [
        0.014982574596249493,
        0.995784038672114,
        0.090496799856804,
        0.40882625321739635
      ],
      [
        0.0,
        0.0,
        0.0,
        1.0
      ]
    ]
  },
  "wayp_7": {
    "cam_id": "wayp_7",
    "file_path": "./images/wayp_7_inpaint_0.png",
    "mask_path": "./mask/wayp_7_GSmask.png",
    "depth_path": "./depth/wayp_7_depth.png",
    "wid": 3072,
    "hei": 2048,
    "cx": 1536.0,
    "cy": 1024.0,
    "fx": 1000.0,
    "fy": 1400.0,
    "k1": 0.0,
    "k2": 0.0,
    "p1": 0.0,
    "p2": 0.0,
    "k3": 0.0,
    "k4": 0.0,
    "k5": 0.0,
    "k6": 0.0,
    "transform_matrix": [
      [
        -0.9279552568643291,
        0.04755535265860461,
        -0.3696451402242068,
        -1326557.5102360211
      ],
      [
        -0.3723903378396458,
        -0.07843874526897002,
        0.9247555350060386,
        770851.3127935578
      ],
      [
        0.014982574596249493,
        0.995784038672114,
        0.090496799856804,
        0.41629635432868317
      ],
      [
        0.0,
        0.0,
        0.0,
        1.0
      ]
    ]
  },
  "wayp_8": {
    "cam_id": "wayp_8",
    "file_path": "./images/wayp_8_inpaint_0.png",
    "mask_path": "./mask/wayp_8_GSmask.png",
    "depth_path": "./depth/wayp_8_depth.png",
    "wid": 3072,
    "hei": 2048,
    "cx": 1536.0,
    "cy": 1024.0,
    "fx": 1000.0,
    "fy": 1400.0,
    "k1": 0.0,
    "k2": 0.0,
    "p1": 0.0,
    "p2": 0.0,
    "k3": 0.0,
    "k4": 0.0,
    "k5": 0.0,
    "k6": 0.0,
    "transform_matrix": [
      [
        -0.9279552568643291,
        0.04755535265860461,
        -0.3696451402242068,
        -1321855.1617633917
      ],
      [
        -0.3723903378396458,
        -0.07843874526897002,
        0.9247555350060386,
        772111.3037126095
      ],
      [
        0.014982574596249493,
        0.995784038672114,
        0.090496799856804,
        0.4236314866543017
      ],
      [
        0.0,
        0.0,
        0.0,
        1.0
      ]
    ]
  },
  "wayp_9": {
    "cam_id": "wayp_9",
    "file_path": "./images/wayp_9_inpaint_0.png",
    "mask_path": "./mask/wayp_9_GSmask.png",
    "depth_path": "./depth/wayp_9_depth.png",
    "wid": 3072,
    "hei": 2048,
    "cx": 1536.0,
    "cy": 1024.0,
    "fx": 1000.0,
    "fy": 1400.0,
    "k1": 0.0,
    "k2": 0.0,
    "p1": 0.0,
    "p2": 0.0,
    "k3": 0.0,
    "k4": 0.0,
    "k5": 0.0,
    "k6": 0.0,
    "transform_matrix": [
      [
        -0.9279552568643291,
        0.04755535265860461,
        -0.3696451402242068,
        -1317246.2968953964
      ],
      [
        -0.3723903378396458,
        -0.07843874526897002,
        0.9247555350060386,
        773390.5264883899
      ],
      [
        0.014982574596249493,
        0.995784038672114,
        0.090496799856804,
        0.4308327252216789
      ],
      [
        0.0,
        0.0,
        0.0,
        1.0
      ]
    ]
  },
  "wayp_10": {
    "cam_id": "wayp_10",
    "file_path": "./images/wayp_10_inpaint_0.png",
    "mask_path": "./mask/wayp_10_GSmask.png",
    "depth_path": "./depth/wayp_10_depth.png",
    "wid": 3072,
    "hei": 2048,
    "cx": 1536.0,
    "cy": 1024.0,
    "fx": 1000.0,
    "fy": 1400.0,
    "k1": 0.0,
    "k2": 0.0,
    "p1": 0.0,
    "p2": 0.0,
    "k3": 0.0,
    "k4": 0.0,
    "k5": 0.0,
    "k6": 0.0,
    "transform_matrix": [
      [
        -0.9279552568643291,
        0.04755535265860461,
        -0.3696451402242068,
        -1312729.8806168574
      ],
      [
        -0.3723903378396458,
        -0.07843874526897002,
        0.9247555350060386,
        774688.5629840291
      ],
      [
        0.014982574596249493,
        0.995784038672114,
        0.090496799856804,
        0.4379011450582419
      ],
      [
        0.0,
        0.0,
        0.0,
        1.0
      ]
    ]
  },
  "wayp_11": {
    "cam_id": "wayp_11",
    "file_path": "./images/wayp_11_inpaint_0.png",
    "mask_path": "./mask/wayp_11_GSmask.png",
    "depth_path": "./depth/wayp_11_depth.png",
    "wid": 3072,
    "hei": 2048,
    "cx": 1536.0,
    "cy": 1024.0,
    "fx": 1000.0,
    "fy": 1400.0,
    "k1": 0.0,
    "k2": 0.0,
    "p1": 0.0,
    "p2": 0.0,
    "k3": 0.0,
    "k4": 0.0,
    "k5": 0.0,
    "k6": 0.0,
    "transform_matrix": [
      [
        -0.9279552568643291,
        0.04755535265860461,
        -0.3696451402242068,
        -1308304.877912596
      ],
      [
        -0.3723903378396458,
        -0.07843874526897002,
        0.9247555350060386,
        776004.9950626565
      ],
      [
        0.014982574596249493,
        0.995784038672114,
        0.090496799856804,
        0.4448378211914175
      ],
      [
        0.0,
        0.0,
        0.0,
        1.0
      ]
    ]
  },
  "wayp_12": {
    "cam_id": "wayp_12",
    "file_path": "./images/wayp_12_inpaint_0.png",
    "mask_path": "./mask/wayp_12_GSmask.png",
    "depth_path": "./depth/wayp_12_depth.png",
    "wid": 3072,
    "hei": 2048,
    "cx": 1536.0,
    "cy": 1024.0,
    "fx": 1000.0,
    "fy": 1400.0,
    "k1": 0.0,
    "k2": 0.0,
    "p1": 0.0,
    "p2": 0.0,
    "k3": 0.0,
    "k4": 0.0,
    "k5": 0.0,
    "k6": 0.0,
    "transform_matrix": [
      [
        -0.9279552568643291,
        0.04755535265860461,
        -0.3696451402242068,
        -1303970.253767436
      ],
      [
        -0.3723903378396458,
        -0.07843874526897002,
        0.9247555350060386,
        777339.4045874021
      ],
      [
        0.014982574596249493,
        0.995784038672114,
        0.090496799856804,
        0.4516438286486329
      ],
      [
        0.0,
        0.0,
        0.0,
        1.0
      ]
    ]
  },
  "wayp_13": {
    "cam_id": "wayp_13",
    "file_path": "./images/wayp_13_inpaint_0.png",
    "mask_path": "./mask/wayp_13_GSmask.png",
    "depth_path": "./depth/wayp_13_depth.png",
    "wid": 3072,
    "hei": 2048,
    "cx": 1536.0,
    "cy": 1024.0,
    "fx": 1000.0,
    "fy": 1400.0,
    "k1": 0.0,
    "k2": 0.0,
    "p1": 0.0,
    "p2": 0.0,
    "k3": 0.0,
    "k4": 0.0,
    "k5": 0.0,
    "k6": 0.0,
    "transform_matrix": [
      [
        -0.9279552568643291,
        0.04755535265860461,
        -0.3696451402242068,
        -1299724.9731661975
      ],
      [
        -0.3723903378396458,
        -0.07843874526897002,
        0.9247555350060386,
        778691.3734213953
      ],
      [
        0.014982574596249493,
        0.995784038672114,
        0.090496799856804,
        0.45832024245731495
      ],
      [
        0.0,
        0.0,
        0.0,
        1.0
      ]
    ]
  },
  "wayp_14": {
    "cam_id": "wayp_14",
    "file_path": "./images/wayp_14_inpaint_0.png",
    "mask_path": "./mask/wayp_14_GSmask.png",
    "depth_path": "./depth/wayp_14_depth.png",
    "wid": 3072,
    "hei": 2048,
    "cx": 1536.0,
    "cy": 1024.0,
    "fx": 1000.0,
    "fy": 1400.0,
    "k1": 0.0,
    "k2": 0.0,
    "p1": 0.0,
    "p2": 0.0,
    "k3": 0.0,
    "k4": 0.0,
    "k5": 0.0,
    "k6": 0.0,
    "transform_matrix": [
      [
        -0.9279552568643291,
        0.04755535265860461,
        -0.3696451402242068,
        -1295568.0010937036
      ],
      [
        -0.3723903378396458,
        -0.07843874526897002,
        0.9247555350060386,
        780060.483427766
      ],
      [
        0.014982574596249493,
        0.995784038672114,
        0.090496799856804,
        0.46486813764489077
      ],
      [
        0.0,
        0.0,
        0.0,
        1.0
      ]
    ]
  },
  "wayp_15": {
    "cam_id": "wayp_15",
    "file_path": "./images/wayp_15_inpaint_0.png",
    "mask_path": "./mask/wayp_15_GSmask.png",
    "depth_path": "./depth/wayp_15_depth.png",
    "wid": 3072,
    "hei": 2048,
    "cx": 1536.0,
    "cy": 1024.0,
    "fx": 1000.0,
    "fy": 1400.0,
    "k1": 0.0,
    "k2": 0.0,
    "p1": 0.0,
    "p2": 0.0,
    "k3": 0.0,
    "k4": 0.0,
    "k5": 0.0,
    "k6": 0.0,
    "transform_matrix": [
      [
        -0.9279552568643291,
        0.04755535265860461,
        -0.3696451402242068,
        -1291498.3025347767
      ],
      [
        -0.3723903378396458,
        -0.07843874526897002,
        0.9247555350060386,
        781446.3164696442
      ],
      [
        0.014982574596249493,
        0.995784038672114,
        0.090496799856804,
        0.4712885892387872
      ],
      [
        0.0,
        0.0,
        0.0,
        1.0
      ]
    ]
  },
  "wayp_16": {
    "cam_id": "wayp_16",
    "file_path": "./images/wayp_16_inpaint_0.png",
    "mask_path": "./mask/wayp_16_GSmask.png",
    "depth_path": "./depth/wayp_16_depth.png",
    "wid": 3072,
    "hei": 2048,
    "cx": 1536.0,
    "cy": 1024.0,
    "fx": 1000.0,
    "fy": 1400.0,
    "k1": 0.0,
    "k2": 0.0,
    "p1": 0.0,
    "p2": 0.0,
    "k3": 0.0,
    "k4": 0.0,
    "k5": 0.0,
    "k6": 0.0,
    "transform_matrix": [
      [
        -0.9279552568643291,
        0.04755535265860461,
        -0.3696451402242068,
        -1287514.8424742385
      ],
      [
        -0.3723903378396458,
        -0.07843874526897002,
        0.9247555350060386,
        782848.4544101591
      ],
      [
        0.014982574596249493,
        0.995784038672114,
        0.090496799856804,
        0.4775826722664315
      ],
      [
        0.0,
        0.0,
        0.0,
        1.0
      ]
    ]
  },
  "wayp_17": {
    "cam_id": "wayp_17",
    "file_path": "./images/wayp_17_inpaint_0.png",
    "mask_path": "./mask/wayp_17_GSmask.png",
    "depth_path": "./depth/wayp_17_depth.png",
    "wid": 3072,
    "hei": 2048,
    "cx": 1536.0,
    "cy": 1024.0,
    "fx": 1000.0,
    "fy": 1400.0,
    "k1": 0.0,
    "k2": 0.0,
    "p1": 0.0,
    "p2": 0.0,
    "k3": 0.0,
    "k4": 0.0,
    "k5": 0.0,
    "k6": 0.0,
    "transform_matrix": [
      [
        -0.9279552568643291,
        0.04755535265860461,
        -0.3696451402242068,
        -1283616.5858969106
      ],
      [
        -0.3723903378396458,
        -0.07843874526897002,
        0.9247555350060386,
        784266.479112441
      ],
      [
        0.014982574596249493,
        0.995784038672114,
        0.090496799856804,
        0.48375146175525024
      ],
      [
        0.0,
        0.0,
        0.0,
        1.0
      ]
    ]
  },
  "wayp_18": {
    "cam_id": "wayp_18",
    "file_path": "./images/wayp_18_inpaint_0.png",
    "mask_path": "./mask/wayp_18_GSmask.png",
    "depth_path": "./depth/wayp_18_depth.png",
    "wid": 3072,
    "hei": 2048,
    "cx": 1536.0,
    "cy": 1024.0,
    "fx": 1000.0,
    "fy": 1400.0,
    "k1": 0.0,
    "k2": 0.0,
    "p1": 0.0,
    "p2": 0.0,
    "k3": 0.0,
    "k4": 0.0,
    "k5": 0.0,
    "k6": 0.0,
    "transform_matrix": [
      [
        -0.9279552568643291,
        0.04755535265860461,
        -0.3696451402242068,
        -1279802.497787616
      ],
      [
        -0.3723903378396458,
        -0.07843874526897002,
        0.9247555350060386,
        785699.9724396195
      ],
      [
        0.014982574596249493,
        0.995784038672114,
        0.090496799856804,
        0.48979603273267086
      ],
      [
        0.0,
        0.0,
        0.0,
        1.0
      ]
    ]
  },
  "wayp_19": {
    "cam_id": "wayp_19",
    "file_path": "./images/wayp_19_inpaint_0.png",
    "mask_path": "./mask/wayp_19_GSmask.png",
    "depth_path": "./depth/wayp_19_depth.png",
    "wid": 3072,
    "hei": 2048,
    "cx": 1536.0,
    "cy": 1024.0,
    "fx": 1000.0,
    "fy": 1400.0,
    "k1": 0.0,
    "k2": 0.0,
    "p1": 0.0,
    "p2": 0.0,
    "k3": 0.0,
    "k4": 0.0,
    "k5": 0.0,
    "k6": 0.0,
    "transform_matrix": [
      [
        -0.9279552568643291,
        0.04755535265860461,
        -0.3696451402242068,
        -1276071.5431311764
      ],
      [
        -0.3723903378396458,
        -0.07843874526897002,
        0.9247555350060386,
        787148.5162548241
      ],
      [
        0.014982574596249493,
        0.995784038672114,
        0.090496799856804,
        0.4957174602261201
      ],
      [
        0.0,
        0.0,
        0.0,
        1.0
      ]
    ]
  },
  "wayp_20": {
    "cam_id": "wayp_20",
    "file_path": "./images/wayp_20_inpaint_0.png",
    "mask_path": "./mask/wayp_20_GSmask.png",
    "depth_path": "./depth/wayp_20_depth.png",
    "wid": 3072,
    "hei": 2048,
    "cx": 1536.0,
    "cy": 1024.0,
    "fx": 1000.0,
    "fy": 1400.0,
    "k1": 0.0,
    "k2": 0.0,
    "p1": 0.0,
    "p2": 0.0,
    "k3": 0.0,
    "k4": 0.0,
    "k5": 0.0,
    "k6": 0.0,
    "transform_matrix": [
      [
        -0.9279552568643291,
        0.04755535265860461,
        -0.3696451402242068,
        -1272422.686912414
      ],
      [
        -0.3723903378396458,
        -0.07843874526897002,
        0.9247555350060386,
        788611.6924211847
      ],
      [
        0.014982574596249493,
        0.995784038672114,
        0.090496799856804,
        0.5015168192630249
      ],
      [
        0.0,
        0.0,
        0.0,
        1.0
      ]
    ]
  },
  "wayp_21": {
    "cam_id": "wayp_21",
    "file_path": "./images/wayp_21_inpaint_0.png",
    "mask_path": "./mask/wayp_21_GSmask.png",
    "depth_path": "./depth/wayp_21_depth.png",
    "wid": 3072,
    "hei": 2048,
    "cx": 1536.0,
    "cy": 1024.0,
    "fx": 1000.0,
    "fy": 1400.0,
    "k1": 0.0,
    "k2": 0.0,
    "p1": 0.0,
    "p2": 0.0,
    "k3": 0.0,
    "k4": 0.0,
    "k5": 0.0,
    "k6": 0.0,
    "transform_matrix": [
      [
        -0.9279552568643291,
        0.04755535265860461,
        -0.3696451402242068,
        -1268854.8941161504
      ],
      [
        -0.3723903378396458,
        -0.07843874526897002,
        0.9247555350060386,
        790089.0828018312
      ],
      [
        0.014982574596249493,
        0.995784038672114,
        0.090496799856804,
        0.5071951848708126
      ],
      [
        0.0,
        0.0,
        0.0,
        1.0
      ]
    ]
  },
  "wayp_22": {
    "cam_id": "wayp_22",
    "file_path": "./images/wayp_22_inpaint_0.png",
    "mask_path": "./mask/wayp_22_GSmask.png",
    "depth_path": "./depth/wayp_22_depth.png",
    "wid": 3072,
    "hei": 2048,
    "cx": 1536.0,
    "cy": 1024.0,
    "fx": 1000.0,
    "fy": 1400.0,
    "k1": 0.0,
    "k2": 0.0,
    "p1": 0.0,
    "p2": 0.0,
    "k3": 0.0,
    "k4": 0.0,
    "k5": 0.0,
    "k6": 0.0,
    "transform_matrix": [
      [
        -0.9279552568643291,
        0.04755535265860461,
        -0.3696451402242068,
        -1265367.1297272083
      ],
      [
        -0.3723903378396458,
        -0.07843874526897002,
        0.9247555350060386,
        791580.2692598932
      ],
      [
        0.014982574596249493,
        0.995784038672114,
        0.090496799856804,
        0.5127536320769098
      ],
      [
        0.0,
        0.0,
        0.0,
        1.0
      ]
    ]
  },
  "wayp_23": {
    "cam_id": "wayp_23",
    "file_path": "./images/wayp_23_inpaint_0.png",
    "mask_path": "./mask/wayp_23_GSmask.png",
    "depth_path": "./depth/wayp_23_depth.png",
    "wid": 3072,
    "hei": 2048,
    "cx": 1536.0,
    "cy": 1024.0,
    "fx": 1000.0,
    "fy": 1400.0,
    "k1": 0.0,
    "k2": 0.0,
    "p1": 0.0,
    "p2": 0.0,
    "k3": 0.0,
    "k4": 0.0,
    "k5": 0.0,
    "k6": 0.0,
    "transform_matrix": [
      [
        -0.9279552568643291,
        0.04755535265860461,
        -0.3696451402242068,
        -1261958.3587304098
      ],
      [
        -0.3723903378396458,
        -0.07843874526897002,
        0.9247555350060386,
        793084.8336585001
      ],
      [
        0.014982574596249493,
        0.995784038672114,
        0.090496799856804,
        0.5181932359087438
      ],
      [
        0.0,
        0.0,
        0.0,
        1.0
      ]
    ]
  },
  "wayp_24": {
    "cam_id": "wayp_24",
    "file_path": "./images/wayp_24_inpaint_0.png",
    "mask_path": "./mask/wayp_24_GSmask.png",
    "depth_path": "./depth/wayp_24_depth.png",
    "wid": 3072,
    "hei": 2048,
    "cx": 1536.0,
    "cy": 1024.0,
    "fx": 1000.0,
    "fy": 1400.0,
    "k1": 0.0,
    "k2": 0.0,
    "p1": 0.0,
    "p2": 0.0,
    "k3": 0.0,
    "k4": 0.0,
    "k5": 0.0,
    "k6": 0.0,
    "transform_matrix": [
      [
        -0.9279552568643291,
        0.04755535265860461,
        -0.3696451402242068,
        -1258627.5461105763
      ],
      [
        -0.3723903378396458,
        -0.07843874526897002,
        0.9247555350060386,
        794602.3578607823
      ],
      [
        0.014982574596249493,
        0.995784038672114,
        0.090496799856804,
        0.5235150713937414
      ],
      [
        0.0,
        0.0,
        0.0,
        1.0
      ]
    ]
  },
  "wayp_25": {
    "cam_id": "wayp_25",
    "file_path": "./images/wayp_25_inpaint_0.png",
    "mask_path": "./mask/wayp_25_GSmask.png",
    "depth_path": "./depth/wayp_25_depth.png",
    "wid": 3072,
    "hei": 2048,
    "cx": 1536.0,
    "cy": 1024.0,
    "fx": 1000.0,
    "fy": 1400.0,
    "k1": 0.0,
    "k2": 0.0,
    "p1": 0.0,
    "p2": 0.0,
    "k3": 0.0,
    "k4": 0.0,
    "k5": 0.0,
    "k6": 0.0,
    "transform_matrix": [
      [
        -0.9279552568643291,
        0.04755535265860461,
        -0.3696451402242068,
        -1255373.6568525308
      ],
      [
        -0.3723903378396458,
        -0.07843874526897002,
        0.9247555350060386,
        796132.4237298692
      ],
      [
        0.014982574596249493,
        0.995784038672114,
        0.090496799856804,
        0.5287202135593297
      ],
      [
        0.0,
        0.0,
        0.0,
        1.0
      ]
    ]
  },
  "wayp_26": {
    "cam_id": "wayp_26",
    "file_path": "./images/wayp_26_inpaint_0.png",
    "mask_path": "./mask/wayp_26_GSmask.png",
    "depth_path": "./depth/wayp_26_depth.png",
    "wid": 3072,
    "hei": 2048,
    "cx": 1536.0,
    "cy": 1024.0,
    "fx": 1000.0,
    "fy": 1400.0,
    "k1": 0.0,
    "k2": 0.0,
    "p1": 0.0,
    "p2": 0.0,
    "k3": 0.0,
    "k4": 0.0,
    "k5": 0.0,
    "k6": 0.0,
    "transform_matrix": [
      [
        -0.9279552568643291,
        0.04755535265860461,
        -0.3696451402242068,
        -1252195.655941095
      ],
      [
        -0.3723903378396458,
        -0.07843874526897002,
        0.9247555350060386,
        797674.6131288907
      ],
      [
        0.014982574596249493,
        0.995784038672114,
        0.090496799856804,
        0.5338097374329357
      ],
      [
        0.0,
        0.0,
        0.0,
        1.0
      ]
    ]
  },
  "wayp_27": {
    "cam_id": "wayp_27",
    "file_path": "./images/wayp_27_inpaint_0.png",
    "mask_path": "./mask/wayp_27_GSmask.png",
    "depth_path": "./depth/wayp_27_depth.png",
    "wid": 3072,
    "hei": 2048,
    "cx": 1536.0,
    "cy": 1024.0,
    "fx": 1000.0,
    "fy": 1400.0,
    "k1": 0.0,
    "k2": 0.0,
    "p1": 0.0,
    "p2": 0.0,
    "k3": 0.0,
    "k4": 0.0,
    "k5": 0.0,
    "k6": 0.0,
    "transform_matrix": [
      [
        -0.9279552568643291,
        0.04755535265860461,
        -0.3696451402242068,
        -1249092.508361091
      ],
      [
        -0.3723903378396458,
        -0.07843874526897002,
        0.9247555350060386,
        799228.5079209761
      ],
      [
        0.014982574596249493,
        0.995784038672114,
        0.090496799856804,
        0.5387847180419862
      ],
      [
        0.0,
        0.0,
        0.0,
        1.0
      ]
    ]
  },
  "wayp_28": {
    "cam_id": "wayp_28",
    "file_path": "./images/wayp_28_inpaint_0.png",
    "mask_path": "./mask/wayp_28_GSmask.png",
    "depth_path": "./depth/wayp_28_depth.png",
    "wid": 3072,
    "hei": 2048,
    "cx": 1536.0,
    "cy": 1024.0,
    "fx": 1000.0,
    "fy": 1400.0,
    "k1": 0.0,
    "k2": 0.0,
    "p1": 0.0,
    "p2": 0.0,
    "k3": 0.0,
    "k4": 0.0,
    "k5": 0.0,
    "k6": 0.0,
    "transform_matrix": [
      [
        -0.9279552568643291,
        0.04755535265860461,
        -0.3696451402242068,
        -1246063.1790973404
      ],
      [
        -0.3723903378396458,
        -0.07843874526897002,
        0.9247555350060386,
        800793.6899692558
      ],
      [
        0.014982574596249493,
        0.995784038672114,
        0.090496799856804,
        0.5436462304139086
      ],
      [
        0.0,
        0.0,
        0.0,
        1.0
      ]
    ]
  },
  "wayp_29": {
    "cam_id": "wayp_29",
    "file_path": "./images/wayp_29_inpaint_0.png",
    "mask_path": "./mask/wayp_29_GSmask.png",
    "depth_path": "./depth/wayp_29_depth.png",
    "wid": 3072,
    "hei": 2048,
    "cx": 1536.0,
    "cy": 1024.0,
    "fx": 1000.0,
    "fy": 1400.0,
    "k1": 0.0,
    "k2": 0.0,
    "p1": 0.0,
    "p2": 0.0,
    "k3": 0.0,
    "k4": 0.0,
    "k5": 0.0,
    "k6": 0.0,
    "transform_matrix": [
      [
        -0.9279552568643291,
        0.04755535265860461,
        -0.3696451402242068,
        -1243106.6331346666
      ],
      [
        -0.3723903378396458,
        -0.07843874526897002,
        0.9247555350060386,
        802369.7411368593
      ],
      [
        0.014982574596249493,
        0.995784038672114,
        0.090496799856804,
        0.5483953495761295
      ],
      [
        0.0,
        0.0,
        0.0,
        1.0
      ]
    ]
  },
  "wayp_30": {
    "cam_id": "wayp_30",
    "file_path": "./images/wayp_30_inpaint_0.png",
    "mask_path": "./mask/wayp_30_GSmask.png",
    "depth_path": "./depth/wayp_30_depth.png",
    "wid": 3072,
    "hei": 2048,
    "cx": 1536.0,
    "cy": 1024.0,
    "fx": 1000.0,
    "fy": 1400.0,
    "k1": 0.0,
    "k2": 0.0,
    "p1": 0.0,
    "p2": 0.0,
    "k3": 0.0,
    "k4": 0.0,
    "k5": 0.0,
    "k6": 0.0,
    "transform_matrix": [
      [
        -0.9279552568643291,
        0.04755535265860461,
        -0.3696451402242068,
        -1240221.8354578903
      ],
      [
        -0.3723903378396458,
        -0.07843874526897002,
        0.9247555350060386,
        803956.2432869159
      ],
      [
        0.014982574596249493,
        0.995784038672114,
        0.090496799856804,
        0.5530331505560759
      ],
      [
        0.0,
        0.0,
        0.0,
        1.0
      ]
    ]
  },
  "wayp_31": {
    "cam_id": "wayp_31",
    "file_path": "./images/wayp_31_inpaint_0.png",
    "mask_path": "./mask/wayp_31_GSmask.png",
    "depth_path": "./depth/wayp_31_depth.png",
    "wid": 3072,
    "hei": 2048,
    "cx": 1536.0,
    "cy": 1024.0,
    "fx": 1000.0,
    "fy": 1400.0,
    "k1": 0.0,
    "k2": 0.0,
    "p1": 0.0,
    "p2": 0.0,
    "k3": 0.0,
    "k4": 0.0,
    "k5": 0.0,
    "k6": 0.0,
    "transform_matrix": [
      [
        -0.9279552568643291,
        0.04755535265860461,
        -0.3696451402242068,
        -1237407.7510518343
      ],
      [
        -0.3723903378396458,
        -0.07843874526897002,
        0.9247555350060386,
        805552.7782825559
      ],
      [
        0.014982574596249493,
        0.995784038672114,
        0.090496799856804,
        0.5575607083811751
      ],
      [
        0.0,
        0.0,
        0.0,
        1.0
      ]
    ]
  },
  "wayp_32": {
    "cam_id": "wayp_32",
    "file_path": "./images/wayp_32_inpaint_0.png",
    "mask_path": "./mask/wayp_32_GSmask.png",
    "depth_path": "./depth/wayp_32_depth.png",
    "wid": 3072,
    "hei": 2048,
    "cx": 1536.0,
    "cy": 1024.0,
    "fx": 1000.0,
    "fy": 1400.0,
    "k1": 0.0,
    "k2": 0.0,
    "p1": 0.0,
    "p2": 0.0,
    "k3": 0.0,
    "k4": 0.0,
    "k5": 0.0,
    "k6": 0.0,
    "transform_matrix": [
      [
        -0.9279552568643291,
        0.04755535265860461,
        -0.3696451402242068,
        -1234663.344901321
      ],
      [
        -0.3723903378396458,
        -0.07843874526897002,
        0.9247555350060386,
        807158.9279869088
      ],
      [
        0.014982574596249493,
        0.995784038672114,
        0.090496799856804,
        0.5619790980788543
      ],
      [
        0.0,
        0.0,
        0.0,
        1.0
      ]
    ]
  },
  "wayp_33": {
    "cam_id": "wayp_33",
    "file_path": "./images/wayp_33_inpaint_0.png",
    "mask_path": "./mask/wayp_33_GSmask.png",
    "depth_path": "./depth/wayp_33_depth.png",
    "wid": 3072,
    "hei": 2048,
    "cx": 1536.0,
    "cy": 1024.0,
    "fx": 1000.0,
    "fy": 1400.0,
    "k1": 0.0,
    "k2": 0.0,
    "p1": 0.0,
    "p2": 0.0,
    "k3": 0.0,
    "k4": 0.0,
    "k5": 0.0,
    "k6": 0.0,
    "transform_matrix": [
      [
        -0.9279552568643291,
        0.04755535265860461,
        -0.3696451402242068,
        -1231987.5819911715
      ],
      [
        -0.3723903378396458,
        -0.07843874526897002,
        0.9247555350060386,
        808774.2742631045
      ],
      [
        0.014982574596249493,
        0.995784038672114,
        0.090496799856804,
        0.5662893946765396
      ],
      [
        0.0,
        0.0,
        0.0,
        1.0
      ]
    ]
  },
  "wayp_34": {
    "cam_id": "wayp_34",
    "file_path": "./images/wayp_34_inpaint_0.png",
    "mask_path": "./mask/wayp_34_GSmask.png",
    "depth_path": "./depth/wayp_34_depth.png",
    "wid": 3072,
    "hei": 2048,
    "cx": 1536.0,
    "cy": 1024.0,
    "fx": 1000.0,
    "fy": 1400.0,
    "k1": 0.0,
    "k2": 0.0,
    "p1": 0.0,
    "p2": 0.0,
    "k3": 0.0,
    "k4": 0.0,
    "k5": 0.0,
    "k6": 0.0,
    "transform_matrix": [
      [
        -0.9279552568643291,
        0.04755535265860461,
        -0.3696451402242068,
        -1229379.4273062088
      ],
      [
        -0.3723903378396458,
        -0.07843874526897002,
        0.9247555350060386,
        810398.3989742724
      ],
      [
        0.014982574596249493,
        0.995784038672114,
        0.090496799856804,
        0.5704926732016589
      ],
      [
        0.0,
        0.0,
        0.0,
        1.0
      ]
    ]
  },
  "wayp_35": {
    "cam_id": "wayp_35",
    "file_path": "./images/wayp_35_inpaint_0.png",
    "mask_path": "./mask/wayp_35_GSmask.png",
    "depth_path": "./depth/wayp_35_depth.png",
    "wid": 3072,
    "hei": 2048,
    "cx": 1536.0,
    "cy": 1024.0,
    "fx": 1000.0,
    "fy": 1400.0,
    "k1": 0.0,
    "k2": 0.0,
    "p1": 0.0,
    "p2": 0.0,
    "k3": 0.0,
    "k4": 0.0,
    "k5": 0.0,
    "k6": 0.0,
    "transform_matrix": [
      [
        -0.9279552568643291,
        0.04755535265860461,
        -0.3696451402242068,
        -1226837.8458312545
      ],
      [
        -0.3723903378396458,
        -0.07843874526897002,
        0.9247555350060386,
        812030.883983543
      ],
      [
        0.014982574596249493,
        0.995784038672114,
        0.090496799856804,
        0.5745900086816386
      ],
      [
        0.0,
        0.0,
        0.0,
        1.0
      ]
    ]
  },
  "wayp_36": {
    "cam_id": "wayp_36",
    "file_path": "./images/wayp_36_inpaint_0.png",
    "mask_path": "./mask/wayp_36_GSmask.png",
    "depth_path": "./depth/wayp_36_depth.png",
    "wid": 3072,
    "hei": 2048,
    "cx": 1536.0,
    "cy": 1024.0,
    "fx": 1000.0,
    "fy": 1400.0,
    "k1": 0.0,
    "k2": 0.0,
    "p1": 0.0,
    "p2": 0.0,
    "k3": 0.0,
    "k4": 0.0,
    "k5": 0.0,
    "k6": 0.0,
    "transform_matrix": [
      [
        -0.9279552568643291,
        0.04755535265860461,
        -0.3696451402242068,
        -1224361.8025511305
      ],
      [
        -0.3723903378396458,
        -0.07843874526897002,
        0.9247555350060386,
        813671.3111540452
      ],
      [
        0.014982574596249493,
        0.995784038672114,
        0.090496799856804,
        0.5785824761439059
      ],
      [
        0.0,
        0.0,
        0.0,
        1.0
      ]
    ]
  },
  "wayp_37": {
    "cam_id": "wayp_37",
    "file_path": "./images/wayp_37_inpaint_0.png",
    "mask_path": "./mask/wayp_37_GSmask.png",
    "depth_path": "./depth/wayp_37_depth.png",
    "wid": 3072,
    "hei": 2048,
    "cx": 1536.0,
    "cy": 1024.0,
    "fx": 1000.0,
    "fy": 1400.0,
    "k1": 0.0,
    "k2": 0.0,
    "p1": 0.0,
    "p2": 0.0,
    "k3": 0.0,
    "k4": 0.0,
    "k5": 0.0,
    "k6": 0.0,
    "transform_matrix": [
      [
        -0.9279552568643291,
        0.04755535265860461,
        -0.3696451402242068,
        -1221950.2624506599
      ],
      [
        -0.3723903378396458,
        -0.07843874526897002,
        0.9247555350060386,
        815319.262348909
      ],
      [
        0.014982574596249493,
        0.995784038672114,
        0.090496799856804,
        0.5824711506158881
      ],
      [
        0.0,
        0.0,
        0.0,
        1.0
      ]
    ]
  },
  "wayp_38": {
    "cam_id": "wayp_38",
    "file_path": "./images/wayp_38_inpaint_0.png",
    "mask_path": "./mask/wayp_38_GSmask.png",
    "depth_path": "./depth/wayp_38_depth.png",
    "wid": 3072,
    "hei": 2048,
    "cx": 1536.0,
    "cy": 1024.0,
    "fx": 1000.0,
    "fy": 1400.0,
    "k1": 0.0,
    "k2": 0.0,
    "p1": 0.0,
    "p2": 0.0,
    "k3": 0.0,
    "k4": 0.0,
    "k5": 0.0,
    "k6": 0.0,
    "transform_matrix": [
      [
        -0.9279552568643291,
        0.04755535265860461,
        -0.3696451402242068,
        -1219602.190514664
      ],
      [
        -0.3723903378396458,
        -0.07843874526897002,
        0.9247555350060386,
        816974.3194312644
      ],
      [
        0.014982574596249493,
        0.995784038672114,
        0.090496799856804,
        0.5862571071250117
      ],
      [
        0.0,
        0.0,
        0.0,
        1.0
      ]
    ]
  },
  "wayp_39": {
    "cam_id": "wayp_39",
    "file_path": "./images/wayp_39_inpaint_0.png",
    "mask_path": "./mask/wayp_39_GSmask.png",
    "depth_path": "./depth/wayp_39_depth.png",
    "wid": 3072,
    "hei": 2048,
    "cx": 1536.0,
    "cy": 1024.0,
    "fx": 1000.0,
    "fy": 1400.0,
    "k1": 0.0,
    "k2": 0.0,
    "p1": 0.0,
    "p2": 0.0,
    "k3": 0.0,
    "k4": 0.0,
    "k5": 0.0,
    "k6": 0.0,
    "transform_matrix": [
      [
        -0.9279552568643291,
        0.04755535265860461,
        -0.3696451402242068,
        -1217316.5517279648
      ],
      [
        -0.3723903378396458,
        -0.07843874526897002,
        0.9247555350060386,
        818636.064264241
      ],
      [
        0.014982574596249493,
        0.995784038672114,
        0.090496799856804,
        0.5899414206987039
      ],
      [
        0.0,
        0.0,
        0.0,
        1.0
      ]
    ]
  },
  "wayp_40": {
    "cam_id": "wayp_40",
    "file_path": "./images/wayp_40_inpaint_0.png",
    "mask_path": "./mask/wayp_40_GSmask.png",
    "depth_path": "./depth/wayp_40_depth.png",
    "wid": 3072,
    "hei": 2048,
    "cx": 1536.0,
    "cy": 1024.0,
    "fx": 1000.0,
    "fy": 1400.0,
    "k1": 0.0,
    "k2": 0.0,
    "p1": 0.0,
    "p2": 0.0,
    "k3": 0.0,
    "k4": 0.0,
    "k5": 0.0,
    "k6": 0.0,
    "transform_matrix": [
      [
        -0.9279552568643291,
        0.04755535265860461,
        -0.3696451402242068,
        -1215092.311075385
      ],
      [
        -0.3723903378396458,
        -0.07843874526897002,
        0.9247555350060386,
        820304.0787109685
      ],
      [
        0.014982574596249493,
        0.995784038672114,
        0.090496799856804,
        0.5935251663643918
      ],
      [
        0.0,
        0.0,
        0.0,
        1.0
      ]
    ]
  },
  "wayp_41": {
    "cam_id": "wayp_41",
    "file_path": "./images/wayp_41_inpaint_0.png",
    "mask_path": "./mask/wayp_41_GSmask.png",
    "depth_path": "./depth/wayp_41_depth.png",
    "wid": 3072,
    "hei": 2048,
    "cx": 1536.0,
    "cy": 1024.0,
    "fx": 1000.0,
    "fy": 1400.0,
    "k1": 0.0,
    "k2": 0.0,
    "p1": 0.0,
    "p2": 0.0,
    "k3": 0.0,
    "k4": 0.0,
    "k5": 0.0,
    "k6": 0.0,
    "transform_matrix": [
      [
        -0.9279552568643291,
        0.04755535265860461,
        -0.3696451402242068,
        -1212928.433541746
      ],
      [
        -0.3723903378396458,
        -0.07843874526897002,
        0.9247555350060386,
        821977.9446345764
      ],
      [
        0.014982574596249493,
        0.995784038672114,
        0.090496799856804,
        0.5970094191495025
      ],
      [
        0.0,
        0.0,
        0.0,
        1.0
      ]
    ]
  },
  "wayp_42": {
    "cam_id": "wayp_42",
    "file_path": "./images/wayp_42_inpaint_0.png",
    "mask_path": "./mask/wayp_42_GSmask.png",
    "depth_path": "./depth/wayp_42_depth.png",
    "wid": 3072,
    "hei": 2048,
    "cx": 1536.0,
    "cy": 1024.0,
    "fx": 1000.0,
    "fy": 1400.0,
    "k1": 0.0,
    "k2": 0.0,
    "p1": 0.0,
    "p2": 0.0,
    "k3": 0.0,
    "k4": 0.0,
    "k5": 0.0,
    "k6": 0.0,
    "transform_matrix": [
      [
        -0.9279552568643291,
        0.04755535265860461,
        -0.3696451402242068,
        -1210823.8841118708
      ],
      [
        -0.3723903378396458,
        -0.07843874526897002,
        0.9247555350060386,
        823657.2438981952
      ],
      [
        0.014982574596249493,
        0.995784038672114,
        0.090496799856804,
        0.6003952540814624
      ],
      [
        0.0,
        0.0,
        0.0,
        1.0
      ]
    ]
  },
  "wayp_43": {
    "cam_id": "wayp_43",
    "file_path": "./images/wayp_43_inpaint_0.png",
    "mask_path": "./mask/wayp_43_GSmask.png",
    "depth_path": "./depth/wayp_43_depth.png",
    "wid": 3072,
    "hei": 2048,
    "cx": 1536.0,
    "cy": 1024.0,
    "fx": 1000.0,
    "fy": 1400.0,
    "k1": 0.0,
    "k2": 0.0,
    "p1": 0.0,
    "p2": 0.0,
    "k3": 0.0,
    "k4": 0.0,
    "k5": 0.0,
    "k6": 0.0,
    "transform_matrix": [
      [
        -0.9279552568643291,
        0.04755535265860461,
        -0.3696451402242068,
        -1208777.6277705804
      ],
      [
        -0.3723903378396458,
        -0.07843874526897002,
        0.9247555350060386,
        825341.5583649541
      ],
      [
        0.014982574596249493,
        0.995784038672114,
        0.090496799856804,
        0.6036837461876993
      ],
      [
        0.0,
        0.0,
        0.0,
        1.0
      ]
    ]
  },
  "wayp_44": {
    "cam_id": "wayp_44",
    "file_path": "./images/wayp_44_inpaint_0.png",
    "mask_path": "./mask/wayp_44_GSmask.png",
    "depth_path": "./depth/wayp_44_depth.png",
    "wid": 3072,
    "hei": 2048,
    "cx": 1536.0,
    "cy": 1024.0,
    "fx": 1000.0,
