{
  "meta": {
    "mode": "waypoints",
    "waypoints": ["Tschingelgletscher", "Schwand", "Rütti1", "Rütti2", "Sefinental1", "Sefinental2", "Rütti3", "Stechelberg", 
                "Trümmelbachfälle", "Lauterbrunnen", "Sandweidli", "Zweilütschinen1", "Zweilütschinen2", "Zweilütschinen3", "Lütschinental", 
                "Grindelwald", "Wandelenhubel", "Schwarzhoren", "Oltschiburg", "Meiringen", "Brienzersee", "Interlaken", 
                "Gsteigwiler", "Saxetwald", "Waldegg", "Bolberg", "Mönch"],
    "nbr_points": [10, 5, 2, 8, 2, 8, 5, 5, 5, 5, 5, 3, 2, 8, 10, 10, 10, 5, 5, 10, 20, 5, 5, 10, 5, 20],
    "interpolation": "linear"
  },
  "Tschingelgletscher": {
    "cam_id": "Tschingelgletscher",
    "_comment": "46.488319, 7.825134, 3000m",
    "file_path": "",
    "wid": 3072.0,
    "hei": 2048.0,
    "cx": 1536.0,
    "cy": 1024.0,
    "fx": 1000.0,
    "fy": 1400.0,
    "k1": 0,
    "k2": 0,
    "p1": 0,
    "p2": 0,
    "k3": 0,
    "k4": 0,
    "k5": 0,
    "k6": 0,
    "transform_matrix": [
      [
          0.9258705973625183,
                0.00197833264246583,
                0.37783560156822205,
          7.822262
      ],
      [
          0.3778407573699951,
                -0.0048477500677108765,
                -0.9258579015731812,
          46.492984
      ],
      [
          -2.511149732598028e-09,
                0.9999862909317017,
                -0.0052358838729560375,
          3050.0
      ],
      [
          0.0,
          0.0,
          0.0,
          1.0
      ]
    ]
  },
  "Schwand": {
    "cam_id": "Schwand",
    "_comment": "46.516378, 7.902795, 1532m",
    "file_path": "",
    "wid": 3072.0,
    "hei": 2048.0,
    "cx": 1536.0,
    "cy": 1024.0,
    "fx": 1000.0,
    "fy": 1400.0,
    "k1": 0,
    "k2": 0,
    "p1": 0,
    "p2": 0,
    "k3": 0,
    "k4": 0,
    "k5": 0,
    "k6": 0,
    "transform_matrix": [
      [
        0.462464839220047,
                0.028350388631224632,
                0.8861842751502991,
          7.902795
      ],
      [
        0.8861299753189087,
                0.019038472324609756,
                -0.46304556727409363,
          46.516378
      ],
      [
        -0.02999911643564701,
                0.999416708946228,
                -0.01631750352680683,
          1800.0
      ],
      [
          0.0,
          0.0,
          0.0,
          1.0
      ]
    ]
  },
  "Rütti1": {
    "cam_id": "Rütti1",
    "_comment": "46.542525, 7.905823, 970m",
    "file_path": "",
    "wid": 3072.0,
    "hei": 2048.0,
    "cx": 1536.0,
    "cy": 1024.0,
    "fx": 1000.0,
    "fy": 1400.0,
    "k1": 0,
    "k2": 0,
    "p1": 0,
    "p2": 0,
    "k3": 0,
    "k4": 0,
    "k5": 0,
    "k6": 0,
    "transform_matrix": [
      [
        -0.4123198390007019,
                -0.029980001971125603,
                0.9105457663536072,
          7.905823
      ],
      [
        0.9110259413719177,
                -0.01895762048661709,
                0.41191309690475464,
          46.542525
      ],
      [
        0.004912625066936016,
                0.9993706941604614,
                0.03512916341423988,
          1200.0
      ],
      [
          0.0,
          0.0,
          0.0,
          1.0
      ]
    ]
  },
  "Rütti2": {
    "cam_id": "Rütti2",
    "_comment": "46.542525, 7.905823, 970m",
    "file_path": "",
    "wid": 3072.0,
    "hei": 2048.0,
    "cx": 1536.0,
    "cy": 1024.0,
    "fx": 1000.0,
    "fy": 1400.0,
    "k1": 0,
    "k2": 0,
    "p1": 0,
    "p2": 0,
    "k3": 0,
    "k4": 0,
    "k5": 0,
    "k6": 0,
    "transform_matrix": [
      [
        -0.9843833446502686,
                0.02244158647954464,
                -0.1746019721031189,
          7.905823
      ],
      [
          -0.17543339729309082,
                -0.042907726019620895,
                0.983555793762207,
          46.542525
      ],
      [
          0.014580778777599335,
                0.9988269805908203,
                0.04617465287446976,
          1800.0
      ],
      [
          0.0,
          0.0,
          0.0,
          1.0
      ]
    ]
  },
  "Sefinental1": {
    "cam_id": "Sefinental1",
    "_comment": "46.533695, 7.846868, 1615m",
    "file_path": "",
    "wid": 3072.0,
    "hei": 2048.0,
    "cx": 1536.0,
    "cy": 1024.0,
    "fx": 1000.0,
    "fy": 1400.0,
    "k1": 0,
    "k2": 0,
    "p1": 0,
    "p2": 0,
    "k3": 0,
    "k4": 0,
    "k5": 0,
    "k6": 0,
    "transform_matrix": [
      [
          -0.9843833446502686,
                0.02244158647954464,
                -0.1746019721031189,
          7.846868
      ],
      [
          -0.17543339729309082,
                -0.042907726019620895,
                0.983555793762207,
          46.533695
      ],
      [
          0.014580778777599335,
                0.9988269805908203,
                0.04617465287446976,
          1700.0
      ],
      [
          0.0,
          0.0,
          0.0,
          1.0
      ]
    ]
  },
  "Sefinental2": {
    "cam_id": "Sefinental2",
    "_comment": "46.533695, 7.846868, 1615m",
    "file_path": "",
    "wid": 3072.0,
    "hei": 2048.0,
    "cx": 1536.0,
    "cy": 1024.0,
    "fx": 1000.0,
    "fy": 1400.0,
    "k1": 0,
    "k2": 0,
    "p1": 0,
    "p2": 0,
    "k3": 0,
    "k4": 0,
    "k5": 0,
    "k6": 0,
    "transform_matrix": [
      [
          0.937428891658783,
                0.0027277765329927206,
                0.3481661379337311,
          7.846868
      ],
      [
          0.34814855456352234,
                -0.02008771523833275,
                -0.9372241497039795,
          46.533695
      ],
      [
          0.004437324125319719,
                0.9997944831848145,
                -0.0197804756462574,
          1700.0
      ],
      [
          0.0,
          0.0,
          0.0,
          1.0
      ]
    ]
  },
  "Rütti3": {
    "cam_id": "Rütti3",
    "_comment": "46.545154, 7.903903, 913m",
    "file_path": "",
    "wid": 3072.0,
    "hei": 2048.0,
    "cx": 1536.0,
    "cy": 1024.0,
    "fx": 1000.0,
    "fy": 1400.0,
    "k1": 0,
    "k2": 0,
    "p1": 0,
    "p2": 0,
    "k3": 0,
    "k4": 0,
    "k5": 0,
    "k6": 0,
    "transform_matrix": [
      [
          -0.21221107244491577,
                0.2058669626712799,
                0.9552932977676392,
          7.903903
      ],
      [
          0.9753146767616272,
                0.016457917168736458,
                0.2202053815126419,
          46.545154
      ],
      [
          0.061055153608322144,
                0.978441596031189,
                -0.1972925215959549,
          1250.0
      ],
      [
          0.0,
          0.0,
          0.0,
          1.0
      ]
    ]
  },
  "Stechelberg": {
    "cam_id": "Stechelberg",
    "_comment": "46.557524, 7.905531, 855m",
    "file_path": "",
    "wid": 3072.0,
    "hei": 2048.0,
    "cx": 1536.0,
    "cy": 1024.0,
    "fx": 1000.0,
    "fy": 1400.0,
    "k1": 0,
    "k2": 0,
    "p1": 0,
    "p2": 0,
    "k3": 0,
    "k4": 0,
    "k5": 0,
    "k6": 0,
    "transform_matrix": [
      [
          -0.21221107244491577,
                0.2058669626712799,
                0.9552932977676392,
          7.905531
      ],
      [
          0.9753146767616272,
                0.016457917168736458,
                0.2202053815126419,
          46.557524
      ],
      [
          0.061055153608322144,
                0.978441596031189,
                -0.1972925215959549,
          950.0
      ],
      [
          0.0,
          0.0,
          0.0,
          1.0
      ]
    ]
  },
  "Trümmelbachfälle": {
    "cam_id": "Trümmelbachfälle",
    "_comment": "46.573128, 7.910572, 820m",
    "file_path": "",
    "wid": 3072.0,
    "hei": 2048.0,
    "cx": 1536.0,
    "cy": 1024.0,
    "fx": 1000.0,
    "fy": 1400.0,
    "k1": 0,
    "k2": 0,
    "p1": 0,
    "p2": 0,
    "k3": 0,
    "k4": 0,
    "k5": 0,
    "k6": 0,
    "transform_matrix": [
      [
          -0.4123198390007019,
                -0.029980001971125603,
                0.9105457663536072,
          7.910572
      ],
      [
          0.9110259413719177,
                -0.01895762048661709,
                0.41191309690475464,
          46.573128
      ],
      [
          0.004912625066936016,
                0.9993706941604614,
                0.03512916341423988,
          850.0
      ],
      [
          0.0,
          0.0,
          0.0,
          1.0
      ]
    ]
  },
  "Lauterbrunnen": {
    "cam_id": "Lauterbrunnen",
    "_comment": "46.594602, 7.910643, 805m",
    "file_path": "",
    "wid": 3072.0,
    "hei": 2048.0,
    "cx": 1536.0,
    "cy": 1024.0,
    "fx": 1000.0,
    "fy": 1400.0,
    "k1": 0,
    "k2": 0,
    "p1": 0,
    "p2": 0,
    "k3": 0,
    "k4": 0,
    "k5": 0,
    "k6": 0,
    "transform_matrix": [
      [
          -0.4123198390007019,
                -0.029980001971125603,
                0.9105457663536072,
          7.910643
      ],
      [
          0.9110259413719177,
                -0.01895762048661709,
                0.41191309690475464,
          46.594602
      ],
      [
          0.004912625066936016,
                0.9993706941604614,
                0.03512916341423988,
          900.0
      ],
      [
          0.0,
          0.0,
          0.0,
          1.0
      ]
    ]
  },
  "Sandweidli": {
    "cam_id": "Sandweidli",
    "_comment": "46.613690, 7.900354, 755m",
    "file_path": "",
    "wid": 3072.0,
    "hei": 2048.0,
    "cx": 1536.0,
    "cy": 1024.0,
    "fx": 1000.0,
    "fy": 1400.0,
    "k1": 0,
    "k2": 0,
    "p1": 0,
    "p2": 0,
    "k3": 0,
    "k4": 0,
    "k5": 0,
    "k6": 0,
    "transform_matrix": [
      [
          -0.21221107244491577,
                0.2058669626712799,
                0.9552932977676392,
          7.900354
      ],
      [
          0.9753146767616272,
                0.016457917168736458,
                0.2202053815126419,
          46.613690
      ],
      [
          0.061055153608322144,
                0.978441596031189,
                -0.1972925215959549,
          800.0
      ],
      [
          0.0,
          0.0,
          0.0,
          1.0
      ]
    ]
  },
  "Zweilütschinen1": {
    "cam_id": "Zweilütschinen1",
    "_comment": "46.625683, 7.904910, 665m",
    "file_path": "",
    "wid": 3072.0,
    "hei": 2048.0,
    "cx": 1536.0,
    "cy": 1024.0,
    "fx": 1000.0,
    "fy": 1400.0,
    "k1": 0,
    "k2": 0,
    "p1": 0,
    "p2": 0,
    "k3": 0,
    "k4": 0,
    "k5": 0,
    "k6": 0,
    "transform_matrix": [
      [
          -0.4123198390007019,
                -0.029980001971125603,
                0.9105457663536072,
          7.904910
      ],
      [
          0.9110259413719177,
                -0.01895762048661709,
                0.41191309690475464,
          46.625683
      ],
      [
          0.004912625066936016,
                0.9993706941604614,
                0.03512916341423988,
          700.0
      ],
      [
          0.0,
          0.0,
          0.0,
          1.0
      ]
    ]
  },
  "Zweilütschinen2": {
    "cam_id": "Zweilütschinen2",
    "_comment": "46.632185, 7.899564, 650m",
    "file_path": "",
    "wid": 3072.0,
    "hei": 2048.0,
    "cx": 1536.0,
    "cy": 1024.0,
    "fx": 1000.0,
    "fy": 1400.0,
    "k1": 0,
    "k2": 0,
    "p1": 0,
    "p2": 0,
    "k3": 0,
    "k4": 0,
    "k5": 0,
    "k6": 0,
    "transform_matrix": [
      [
          -0.5732118487358093,
                -0.04715196043252945,
                0.818049430847168,
          7.899564
      ],
      [
          0.8193819522857666,
                -0.040823664516210556,
                0.5717925429344177,
          46.632185
      ],
      [
          0.0064346375875175,
                0.9980531930923462,
                0.062036074697971344,
          700.0
      ],
      [
          0.0,
          0.0,
          0.0,
          1.0
      ]
    ]
  },
  "Zweilütschinen3": {
    "cam_id": "Zweilütschinen3",
    "_comment": "46.632185, 7.899564, 650m",
    "file_path": "",
    "wid": 3072.0,
    "hei": 2048.0,
    "cx": 1536.0,
    "cy": 1024.0,
    "fx": 1000.0,
    "fy": 1400.0,
    "k1": 0,
    "k2": 0,
    "p1": 0,
    "p2": 0,
    "k3": 0,
    "k4": 0,
    "k5": 0,
    "k6": 0,
    "transform_matrix": [
      [
          0.9984092116355896,
                -8.196404087357223e-05,
                -0.056383244693279266,
          7.899564
      ],
      [
          -0.0563170500099659,
                0.04701511189341545,
                -0.9973053336143494,
          46.632185
      ],
      [
          0.0027326077688485384,
                0.9988941550254822,
                0.04693570360541344,
          700.0
      ],
      [
          0.0,
          0.0,
          0.0,
          1.0
      ]
    ]
  },
  "Lütschinental": {
    "cam_id": "Lütschinental",
    "_comment": "46.638749, 7.947958, 720m",
    "file_path": "",
    "wid": 3072.0,
    "hei": 2048.0,
    "cx": 1536.0,
    "cy": 1024.0,
    "fx": 1000.0,
    "fy": 1400.0,
    "k1": 0,
    "k2": 0,
    "p1": 0,
    "p2": 0,
    "k3": 0,
    "k4": 0,
    "k5": 0,
    "k6": 0,
    "transform_matrix": [
      [
          0.9984092116355896,
                -8.196404087357223e-05,
                -0.056383244693279266,
          7.947958
      ],
      [
          -0.0563170500099659,
                0.04701511189341545,
                -0.9973053336143494,
          46.638749
      ],
      [
          0.0027326077688485384,
                0.9988941550254822,
                0.04693570360541344,
          780.0
      ],
      [
          0.0,
          0.0,
          0.0,
          1.0
      ]
    ]
  },
  "Grindelwald": {
    "cam_id": "Grindelwald",
    "_comment": "46.630775, 8.029419, 1210m",
    "file_path": "",
    "wid": 3072.0,
    "hei": 2048.0,
    "cx": 1536.0,
    "cy": 1024.0,
    "fx": 1000.0,
    "fy": 1400.0,
    "k1": 0,
    "k2": 0,
    "p1": 0,
    "p2": 0,
    "k3": 0,
    "k4": 0,
    "k5": 0,
    "k6": 0,
    "transform_matrix": [
      [
          0.8277333378791809,
                -0.0735977292060852,
                0.5562741160392761,
          8.029419
      ],
      [
          0.5593794584274292,
                0.030169716104865074,
                -0.8283624649047852,
          46.630775
      ],
      [
          0.04418296739459038,
                0.9968315362930298,
                0.0661415383219719,
          1300.0
      ],
      [
          0.0,
          0.0,
          0.0,
          1.0
      ]
    ]
  },
  "Wandelenhubel": {
    "cam_id": "Wandelenhubel",
    "_comment": "46.647326, 8.082268, 1540m",
    "file_path": "",
    "wid": 3072.0,
    "hei": 2048.0,
    "cx": 1536.0,
    "cy": 1024.0,
    "fx": 1000.0,
    "fy": 1400.0,
    "k1": 0,
    "k2": 0,
    "p1": 0,
    "p2": 0,
    "k3": 0,
    "k4": 0,
    "k5": 0,
    "k6": 0,
    "transform_matrix": [
      [
          -0.9759928584098816,
                -0.0060928273014724255,
                0.2177172750234604,
          8.082268
      ],
      [
          0.21771855652332306,
                0.0004600711399689317,
                0.9760114550590515,
          46.647326
      ],
      [
          -0.006046834867447615,
                0.9999813437461853,
                0.0008774954476393759,
          1700.0
      ],
      [
          0.0,
          0.0,
          0.0,
          1.0
      ]
    ]
  },
  "Schwarzhoren": {
    "cam_id": "Schwarzhoren",
    "_comment": "46.689340, 8.073056, 2927m",
    "file_path": "",
    "wid": 3072.0,
    "hei": 2048.0,
    "cx": 1536.0,
    "cy": 1024.0,
    "fx": 1000.0,
    "fy": 1400.0,
    "k1": 0,
    "k2": 0,
    "p1": 0,
    "p2": 0,
    "k3": 0,
    "k4": 0,
    "k5": 0,
    "k6": 0,
    "transform_matrix": [
      [
          -0.9994003176689148,
                -0.007764484733343124,
                -0.0337454229593277,
          8.073056
      ],
      [
          -0.03343452140688896,
                -0.03718609735369682,
                0.9987488985061646,
          46.689340
      ],
      [
          -0.009009630419313908,
                0.99927818775177,
                0.036904193460941315,
          3100.0
      ],
      [
          0.0,
          0.0,
          0.0,
          1.0
      ]
    ]
},
"Oltschiburg": {
    "cam_id": "Oltschiburg",
    "_comment": "46.720779, 8.080096, 2235m",
    "file_path": "",
    "wid": 3072.0,
    "hei": 2048.0,
    "cx": 1536.0,
    "cy": 1024.0,
    "fx": 1000.0,
    "fy": 1400.0,
    "k1": 0,
    "k2": 0,
    "p1": 0,
    "p2": 0,
    "k3": 0,
    "k4": 0,
    "k5": 0,
    "k6": 0,
    "transform_matrix": [
      [
          -0.9994003176689148,
                -0.007764484733343124,
                -0.0337454229593277,
          8.080096
      ],
      [
          -0.03343452140688896,
                -0.03718609735369682,
                0.9987488985061646,
          46.720779
      ],
      [
          -0.009009630419313908,
                0.99927818775177,
                0.036904193460941315,
          2250.0
      ],
      [
          0.0,
          0.0,
          0.0,
          1.0
      ]
    ]
  },
  "Meiringen": {
    "cam_id": "Meiringen",
    "_comment": "46.742443, 8.077608, 570m",
    "file_path": "",
    "wid": 3072.0,
    "hei": 2048.0,
    "cx": 1536.0,
    "cy": 1024.0,
    "fx": 1000.0,
    "fy": 1400.0,
    "k1": 0,
    "k2": 0,
    "p1": 0,
    "p2": 0,
    "k3": 0,
    "k4": 0,
    "k5": 0,
    "k6": 0,
    "transform_matrix": [
      [
          -0.9994003176689148,
                -0.007764484733343124,
                -0.0337454229593277,
          8.077608
      ],
      [
          -0.03343452140688896,
                -0.03718609735369682,
                0.9987488985061646,
          46.742443
      ],
      [
          -0.009009630419313908,
                0.99927818775177,
                0.036904193460941315,
          600.0
      ],
      [
          0.0,
          0.0,
          0.0,
          1.0
      ]
    ]
  },
  "Brienzersee": {
    "cam_id": "Brienzerssee",
    "_comment": "46.738777, 7.978369, 565m",
    "file_path": "",
    "wid": 3072.0,
    "hei": 2048.0,
    "cx": 1536.0,
    "cy": 1024.0,
    "fx": 1000.0,
    "fy": 1400.0,
    "k1": 0,
    "k2": 0,
    "p1": 0,
    "p2": 0,
    "k3": 0,
    "k4": 0,
    "k5": 0,
    "k6": 0,
    "transform_matrix": [
      [
          -0.9279552698135376,
                0.047555357217788696,
                -0.3696451485157013,
          7.978369
      ],
      [
          -0.3723903298377991,
                -0.07843872904777527,
                0.9247555136680603,
          46.738777
      ],
      [
          0.014982585795223713,
                0.9957840442657471,
                0.09049678593873978,
          600.0
      ],
      [
          0.0,
          0.0,
          0.0,
          1.0
      ]
    ]
  },
  "Interlaken": {
    "cam_id": "Interlaken",
    "_comment": "46.667268, 7.863716, 585m",
    "file_path": "",
    "wid": 3072.0,
    "hei": 2048.0,
    "cx": 1536.0,
    "cy": 1024.0,
    "fx": 1000.0,
    "fy": 1400.0,
    "k1": 0,
    "k2": 0,
    "p1": 0,
    "p2": 0,
    "k3": 0,
    "k4": 0,
    "k5": 0,
    "k6": 0,
    "transform_matrix": [
      [
          -0.7158219814300537,
                -0.032681260257959366,
                -0.6975175738334656,
          7.863716
      ],
      [
          -0.6982825398445129,
                0.03259608522057533,
                0.7150797247886658,
          46.667268
      ],
      [
          -0.0006333650671876967,
                0.9989341497421265,
                -0.04615374654531479,
          610.0
      ],
      [
          0.0,
          0.0,
          0.0,
          1.0
      ]
    ]
  },
  "Gsteigwiler": {
    "cam_id": "Gsteigwiler",
    "_comment": "46.646842, 7.876735, 660m",
    "file_path": "",
    "wid": 3072.0,
    "hei": 2048.0,
    "cx": 1536.0,
    "cy": 1024.0,
    "fx": 1000.0,
    "fy": 1400.0,
    "k1": 0,
    "k2": 0,
    "p1": 0,
    "p2": 0,
    "k3": 0,
    "k4": 0,
    "k5": 0,
    "k6": 0,
    "transform_matrix": [
      [
          0.6011306047439575,
                0.0158125888556242,
                -0.7989943027496338,
          7.876735
      ],
      [
          -0.7969181537628174,
                0.08654438704252243,
                -0.597855806350708,
          46.646842
      ],
      [
          0.05969482660293579,
                0.9961224794387817,
                0.0646258220076561,
          800.0
      ],
      [
          0.0,
          0.0,
          0.0,
          1.0
      ]
    ]
  },
  "Saxetwald": {
    "cam_id": "Saxetwald",
    "_comment": "46.650451, 7.849464, 945m",
    "file_path": "",
    "wid": 3072.0,
    "hei": 2048.0,
    "cx": 1536.0,
    "cy": 1024.0,
    "fx": 1000.0,
    "fy": 1400.0,
    "k1": 0,
    "k2": 0,
    "p1": 0,
    "p2": 0,
    "k3": 0,
    "k4": 0,
    "k5": 0,
    "k6": 0,
    "transform_matrix": [
      [
          0.6011306047439575,
                0.0158125888556242,
                -0.7989943027496338,
          7.849464
      ],
      [
          -0.7969181537628174,
                0.08654438704252243,
                -0.597855806350708,
          46.650451
      ],
      [
          0.05969482660293579,
                0.9961224794387817,
                0.0646258220076561,
          2700.0
      ],
      [
          0.0,
          0.0,
          0.0,
          1.0
      ]
    ]
  },
  "Waldegg": {
    "cam_id": "Waldegg",
    "_comment": "46.715225, 7.834279, 1410m",
    "file_path": "",
    "wid": 3072.0,
    "hei": 2048.0,
    "cx": 1536.0,
    "cy": 1024.0,
    "fx": 1000.0,
    "fy": 1400.0,
    "k1": 0,
    "k2": 0,
    "p1": 0,
    "p2": 0,
    "k3": 0,
    "k4": 0,
    "k5": 0,
    "k6": 0,
    "transform_matrix": [
      [
          0.25806495547294617,
                -0.013349269516766071,
                0.9660353660583496,
          7.834279
      ],
      [
          0.9661247730255127,
                0.0011684915516525507,
                -0.25807270407676697,
          46.715225
      ],
      [
          0.00231627793982625,
                0.9999102354049683,
                0.013198607601225376,
          2700.0
      ],
      [
          0.0,
          0.0,
          0.0,
          1.0
      ]
    ]
  },
  "Bolberg": {
    "cam_id": "Bolberg",
    "_comment": "46.748511, 7.881232, 1620m",
    "file_path": "",
    "wid": 3072.0,
    "hei": 2048.0,
    "cx": 1536.0,
    "cy": 1024.0,
    "fx": 1000.0,
    "fy": 1400.0,
    "k1": 0,
    "k2": 0,
    "p1": 0,
    "p2": 0,
    "k3": 0,
    "k4": 0,
    "k5": 0,
    "k6": 0,
    "transform_matrix": [
      [
          0.9679540309737878,
                -0.007999620090692439,
                -0.251,
          7.881232
      ],
      [
          -0.24615692025729508,
                0.16765037026798685,
                -0.9546204083081665,
          46.748511
      ],
      [
          0.04971684353455172,
                0.9858140592563142,
                0.1603086898503927,
          3000.0
      ],
      [
          0.0,
          0.0,
          0.0,
          1.0
      ]
    ]
  },
  "Mönch": {
    "cam_id": "Mönch",
    "_comment": "46.558537, 7.997122, 4100m",
    "file_path": "",
    "wid": 3072.0,
    "hei": 2048.0,
    "cx": 1536.0,
    "cy": 1024.0,
    "fx": 1000.0,
    "fy": 1400.0,
    "k1": 0,
    "k2": 0,
    "p1": 0,
    "p2": 0,
    "k3": 0,
    "k4": 0,
    "k5": 0,
    "k6": 0,
    "transform_matrix": [
      [
          0.4706734051279424,
                0.3744667351117688,
                -0.7988999999999999,
          7.997122
      ],
      [
          -0.8804420185662825,
                0.25818941032717624,
                -0.39769345020736113,
          46.558537
      ],
      [
          0.057344552035895724,
          0.8905688590387816,
          0.4512191370743988,
          5500.0
      ],
      [
          0.0,
          0.0,
          0.0,
          1.0
      ]
    ]
  }
}
