{
  "wayp_0_0": {
    "cam_id": "wayp_0_0",
    "file_path": "./images/wayp_0_0_inpaint_0.png",
    "mask_path": "./mask/wayp_0_0_GSmask.png",
    "depth_path": "./depth/wayp_0_0_depth.png",
    "wid": 3072,
    "hei": 2048,
    "cx": 1536.0,
    "cy": 1024.0,
    "fx": 1000.0,
    "fy": 1400.0,
    "k1": 0.0,
    "k2": 0.0,
    "p1": 0.0,
    "p2": 0.0,
    "k3": 0.0,
    "k4": 0.0,
    "k5": 0.0,
    "k6": 0.0,
    "transform_matrix": [
      [
        0.9258705922422502,
        0.0019783216344765875,
        0.37783558946252715,
        663.2549574110228
      ],
      [
        0.3778407686062804,
        -0.004847755449019608,
        -0.9258579010010779,
        412.81426900227933
      ],
      [
        9.821648966346075e-09,
        0.999986292661363,
        -0.005235884775550426,
        50.833333333333336
      ],
      [
        0.0,
        0.0,
        0.0,
        1.0
      ]
    ]
  },
  "wayp_0_1": {
    "cam_id": "wayp_0_1",
    "file_path": "./images/wayp_0_1_inpaint_0.png",
    "mask_path": "./mask/wayp_0_1_GSmask.png",
    "depth_path": "./depth/wayp_0_1_depth.png",
    "wid": 3072,
    "hei": 2048,
    "cx": 1536.0,
    "cy": 1024.0,
    "fx": 1000.0,
    "fy": 1400.0,
    "k1": 0.0,
    "k2": 0.0,
    "p1": 0.0,
    "p2": 0.0,
    "k3": 0.0,
    "k4": 0.0,
    "k5": 0.0,
    "k6": 0.0,
    "transform_matrix": [
      [
        0.8936029004997753,
        0.005656679928712216,
        0.4488227469620641,
        658.4288058810748
      ],
      [
        0.4488437617224983,
        -0.003187848885150779,
        -0.893604563093924,
        429.43429336547916
      ],
      [
        -0.0036240559027257424,
        0.9999789195736426,
        -0.005387636508188964,
        48.51851806640625
      ],
      [
        0.0,
        0.0,
        0.0,
        1.0
      ]
    ]
  },
  "wayp_0_2": {
    "cam_id": "wayp_0_2",
    "file_path": "./images/wayp_0_2_inpaint_0.png",
    "mask_path": "./mask/wayp_0_2_GSmask.png",
    "depth_path": "./depth/wayp_0_2_depth.png",
    "wid": 3072,
    "hei": 2048,
    "cx": 1536.0,
    "cy": 1024.0,
    "fx": 1000.0,
    "fy": 1400.0,
    "k1": 0.0,
    "k2": 0.0,
    "p1": 0.0,
    "p2": 0.0,
    "k3": 0.0,
    "k4": 0.0,
    "k5": 0.0,
    "k6": 0.0,
    "transform_matrix": [
      [
        0.8558880032430007,
        0.009194443054002188,
        0.5170794795015909,
        653.595567491318
      ],
      [
        0.5171107444812266,
        -0.0012463511477541211,
        -0.855917592149436,
        446.05343208313053
      ],
      [
        -0.007225222957179811,
        0.9999569534863706,
        -0.005821282287936158,
        46.20370279947917
      ],
      [
        0.0,
        0.0,
        0.0,
        1.0
      ]
    ]
  },
  "wayp_0_3": {
    "cam_id": "wayp_0_3",
    "file_path": "./images/wayp_0_3_inpaint_0.png",
    "mask_path": "./mask/wayp_0_3_GSmask.png",
    "depth_path": "./depth/wayp_0_3_depth.png",
    "wid": 3072,
    "hei": 2048,
    "cx": 1536.0,
    "cy": 1024.0,
    "fx": 1000.0,
    "fy": 1400.0,
    "k1": 0.0,
    "k2": 0.0,
    "p1": 0.0,
    "p2": 0.0,
    "k3": 0.0,
    "k4": 0.0,
    "k5": 0.0,
    "k6": 0.0,
    "transform_matrix": [
      [
        0.8129558015442075,
        0.012570045645062922,
        0.5821897102217597,
        648.7694159613701
      ],
      [
        0.5822255775402114,
        0.0009649028532512371,
        -0.813026719007716,
        462.6734564463304
      ],
      [
        -0.010781539481109215,
        0.999920528299607,
        -0.006534178712926497,
        43.88888753255208
      ],
      [
        0.0,
        0.0,
        0.0,
        1.0
      ]
    ]
  },
  "wayp_0_4": {
    "cam_id": "wayp_0_4",
    "file_path": "./images/wayp_0_4_inpaint_0.png",
    "mask_path": "./mask/wayp_0_4_GSmask.png",
    "depth_path": "./depth/wayp_0_4_depth.png",
    "wid": 3072,
    "hei": 2048,
    "cx": 1536.0,
    "cy": 1024.0,
    "fx": 1000.0,
    "fy": 1400.0,
    "k1": 0.0,
    "k2": 0.0,
    "p1": 0.0,
    "p2": 0.0,
    "k3": 0.0,
    "k4": 0.0,
    "k5": 0.0,
    "k6": 0.0,
    "transform_matrix": [
      [
        0.7650679999266439,
        0.015762910828782617,
        0.6437565425923442,
        643.9432644314222
      ],
      [
        0.6437913363144601,
        0.0034324338377160757,
        -0.7651933962629262,
        479.2925951639818
      ],
      [
        -0.014271327012110813,
        0.9998698660526547,
        -0.007521980135565709,
        41.574072265625
      ],
      [
        0.0,
        0.0,
        0.0,
        1.0
      ]
    ]
  },
  "wayp_0_5": {
    "cam_id": "wayp_0_5",
    "file_path": "./images/wayp_0_5_inpaint_0.png",
    "mask_path": "./mask/wayp_0_5_GSmask.png",
    "depth_path": "./depth/wayp_0_5_depth.png",
    "wid": 3072,
    "hei": 2048,
    "cx": 1536.0,
    "cy": 1024.0,
    "fx": 1000.0,
    "fy": 1400.0,
    "k1": 0.0,
    "k2": 0.0,
    "p1": 0.0,
    "p2": 0.0,
    "k3": 0.0,
    "k4": 0.0,
    "k5": 0.0,
    "k6": 0.0,
    "transform_matrix": [
      [
        0.7125165110757958,
        0.018753575655961308,
        0.7014046797993945,
        639.1100260416653
      ],
      [
        0.7014327305344112,
        0.0061412003217578,
        -0.7127092045102601,
        495.9126195271817
      ],
      [
        -0.017673312632749627,
        0.9998052755705602,
        -0.008778665152568199,
        39.25926106770833
      ],
      [
        0.0,
        0.0,
        0.0,
        1.0
      ]
    ]
  },
  "wayp_0_6": {
    "cam_id": "wayp_0_6",
    "file_path": "./images/wayp_0_6_inpaint_0.png",
    "mask_path": "./mask/wayp_0_6_GSmask.png",
    "depth_path": "./depth/wayp_0_6_depth.png",
    "wid": 3072,
    "hei": 2048,
    "cx": 1536.0,
    "cy": 1024.0,
    "fx": 1000.0,
    "fy": 1400.0,
    "k1": 0.0,
    "k2": 0.0,
    "p1": 0.0,
    "p2": 0.0,
    "k3": 0.0,
    "k4": 0.0,
    "k5": 0.0,
    "k6": 0.0,
    "transform_matrix": [
      [
        0.6556216764088633,
        0.021523809742835187,
        0.754782712465638,
        634.2838745117174
      ],
      [
        0.7547983919264434,
        0.009074690307080524,
        -0.6558940749397617,
        512.531758244833
      ],
      [
        -0.02096675864522013,
        0.9997271505815899,
        -0.010296573310003332,
        36.94444580078125
      ],
      [
        0.0,
        0.0,
        0.0,
        1.0
      ]
    ]
  },
  "wayp_0_7": {
    "cam_id": "wayp_0_7",
    "file_path": "./images/wayp_0_7_inpaint_0.png",
    "mask_path": "./mask/wayp_0_7_GSmask.png",
    "depth_path": "./depth/wayp_0_7_depth.png",
    "wid": 3072,
    "hei": 2048,
    "cx": 1536.0,
    "cy": 1024.0,
    "fx": 1000.0,
    "fy": 1400.0,
    "k1": 0.0,
    "k2": 0.0,
    "p1": 0.0,
    "p2": 0.0,
    "k3": 0.0,
    "k4": 0.0,
    "k5": 0.0,
    "k6": 0.0,
    "transform_matrix": [
      [
        0.594730313349426,
        0.024056726399174166,
        0.803565260758732,
        629.4577229817695
      ],
      [
        0.803563016070568,
        0.012215021934201431,
        -0.5950943391116394,
        529.1517826080328
      ],
      [
        -0.024131588983436314,
        0.999635967317154,
        -0.012066451799607136,
        34.62963053385417
      ],
      [
        0.0,
        0.0,
        0.0,
        1.0
      ]
    ]
  },
  "wayp_0_8": {
    "cam_id": "wayp_0_8",
    "file_path": "./images/wayp_0_8_inpaint_0.png",
    "mask_path": "./mask/wayp_0_8_GSmask.png",
    "depth_path": "./depth/wayp_0_8_depth.png",
    "wid": 3072,
    "hei": 2048,
    "cx": 1536.0,
    "cy": 1024.0,
    "fx": 1000.0,
    "fy": 1400.0,
    "k1": 0.0,
    "k2": 0.0,
    "p1": 0.0,
    "p2": 0.0,
    "k3": 0.0,
    "k4": 0.0,
    "k5": 0.0,
    "k6": 0.0,
    "transform_matrix": [
      [
        0.5302136012106531,
        0.026336885565541313,
        0.8474549578295818,
        624.6244845920125
      ],
      [
        0.8474293453790538,
        0.015543052486027442,
        -0.5306806178011831,
        545.7709213256842
      ],
      [
        -0.027148511591969904,
        0.9995322816088155,
        -0.01407751186170697,
        32.314815266927084
      ],
      [
        0.0,
        0.0,
        0.0,
        1.0
      ]
    ]
  },
  "wayp_0_9": {
    "cam_id": "wayp_0_9",
    "file_path": "./images/wayp_0_9_inpaint_0.png",
    "mask_path": "./mask/wayp_0_9_GSmask.png",
    "depth_path": "./depth/wayp_0_9_depth.png",
    "wid": 3072,
    "hei": 2048,
    "cx": 1536.0,
    "cy": 1024.0,
    "fx": 1000.0,
    "fy": 1400.0,
    "k1": 0.0,
    "k2": 0.0,
    "p1": 0.0,
    "p2": 0.0,
    "k3": 0.0,
    "k4": 0.0,
    "k5": 0.0,
    "k6": 0.0,
    "transform_matrix": [
      [
        0.4624648185742086,
        0.028350387932235932,
        0.8861842624901529,
        619.7983330620647
      ],
      [
        0.8861299811082046,
        0.01903849507731903,
        -0.4630455617823843,
        562.3909456888841
      ],
      [
        -0.02999913602584714,
        0.9994167255000703,
        -0.016317494550944223,
        30.0
      ],
      [
        0.0,
        0.0,
        0.0,
        1.0
      ]
    ]
  },
  "wayp_1_0": {
    "cam_id": "wayp_1_0",
    "file_path": "./images/wayp_1_0_inpaint_0.png",
    "mask_path": "./mask/wayp_1_0_GSmask.png",
    "depth_path": "./depth/wayp_1_0_depth.png",
    "wid": 3072,
    "hei": 2048,
    "cx": 1536.0,
    "cy": 1024.0,
    "fx": 1000.0,
    "fy": 1400.0,
    "k1": 0.0,
    "k2": 0.0,
    "p1": 0.0,
    "p2": 0.0,
    "k3": 0.0,
    "k4": 0.0,
    "k5": 0.0,
    "k6": 0.0,
    "transform_matrix": [
      [
        0.46246481857420874,
        0.028350387932235765,
        0.886184262490153,
        619.7983330620647
      ],
      [
        0.8861299811082048,
        0.019038495077319084,
        -0.4630455617823844,
        562.3909456888841
      ],
      [
        -0.02999913602584714,
        0.9994167255000705,
        -0.016317494550944056,
        30.0
      ],
      [
        0.0,
        0.0,
        0.0,
        1.0
      ]
    ]
  },
  "wayp_1_1": {
    "cam_id": "wayp_1_1",
    "file_path": "./images/wayp_1_1_inpaint_0.png",
    "mask_path": "./mask/wayp_1_1_GSmask.png",
    "depth_path": "./depth/wayp_1_1_depth.png",
    "wid": 3072,
    "hei": 2048,
    "cx": 1536.0,
    "cy": 1024.0,
    "fx": 1000.0,
    "fy": 1400.0,
    "k1": 0.0,
    "k2": 0.0,
    "p1": 0.0,
    "p2": 0.0,
    "k3": 0.0,
    "k4": 0.0,
    "k5": 0.0,
    "k6": 0.0,
    "transform_matrix": [
      [
        0.2518582962746765,
        0.010881034631845976,
        0.9677029511595789,
        607.6514553493912
      ],
      [
        0.9676134776580263,
        0.01481134949398677,
        -0.252001551147424,
        563.7973508199062
      ],
      [
        -0.017075024221300972,
        0.999831099242021,
        -0.00679827451155357,
        27.5
      ],
      [
        0.0,
        0.0,
        0.0,
        1.0
      ]
    ]
  },
  "wayp_1_2": {
    "cam_id": "wayp_1_2",
    "file_path": "./images/wayp_1_2_inpaint_0.png",
    "mask_path": "./mask/wayp_1_2_GSmask.png",
    "depth_path": "./depth/wayp_1_2_depth.png",
    "wid": 3072,
    "hei": 2048,
    "cx": 1536.0,
    "cy": 1024.0,
    "fx": 1000.0,
    "fy": 1400.0,
    "k1": 0.0,
    "k2": 0.0,
    "p1": 0.0,
    "p2": 0.0,
    "k3": 0.0,
    "k4": 0.0,
    "k5": 0.0,
    "k6": 0.0,
    "transform_matrix": [
      [
        0.028183553428149766,
        -0.005195491377943284,
        0.9995892627402038,
        595.5116644965267
      ],
      [
        0.9995808713842649,
        0.006764827296935616,
        -0.028148155788897455,
        565.2037559509283
      ],
      [
        -0.006615805229602478,
        0.9999636213287884,
        0.005383970670389426,
        25.0
      ],
      [
        0.0,
        0.0,
        0.0,
        1.0
      ]
    ]
  },
  "wayp_1_3": {
    "cam_id": "wayp_1_3",
    "file_path": "./images/wayp_1_3_inpaint_0.png",
    "mask_path": "./mask/wayp_1_3_GSmask.png",
    "depth_path": "./depth/wayp_1_3_depth.png",
    "wid": 3072,
    "hei": 2048,
    "cx": 1536.0,
    "cy": 1024.0,
    "fx": 1000.0,
    "fy": 1400.0,
    "k1": 0.0,
    "k2": 0.0,
    "p1": 0.0,
    "p2": 0.0,
    "k3": 0.0,
    "k4": 0.0,
    "k5": 0.0,
    "k6": 0.0,
    "transform_matrix": [
      [
        -0.1970669563324962,
        -0.019053174931566275,
        0.9802048720787271,
        583.3647867838531
      ],
      [
        0.9803896711165407,
        -0.004687639572084679,
        0.19701299145803514,
        566.609275436402
      ],
      [
        0.0008411241570653316,
        0.9998074827486889,
        0.019603314767738633,
        22.5
      ],
      [
        0.0,
        0.0,
        0.0,
        1.0
      ]
    ]
  },
  "wayp_1_4": {
    "cam_id": "wayp_1_4",
    "file_path": "./images/wayp_1_4_inpaint_0.png",
    "mask_path": "./mask/wayp_1_4_GSmask.png",
    "depth_path": "./depth/wayp_1_4_depth.png",
    "wid": 3072,
    "hei": 2048,
    "cx": 1536.0,
    "cy": 1024.0,
    "fx": 1000.0,
    "fy": 1400.0,
    "k1": 0.0,
    "k2": 0.0,
    "p1": 0.0,
    "p2": 0.0,
    "k3": 0.0,
    "k4": 0.0,
    "k5": 0.0,
    "k6": 0.0,
    "transform_matrix": [
      [
        -0.41231981615088487,
        -0.029980005438679347,
        0.9105457530971179,
        571.2179090711796
      ],
      [
        0.9110259246152266,
        -0.01895762104359297,
        0.41191306520106813,
        568.0156805674242
      ],
      [
        0.0049126253950770304,
        0.9993707059336214,
        0.035129164998094736,
        20.0
      ],
      [
        0.0,
        0.0,
        0.0,
        1.0
      ]
    ]
  },
  "wayp_2_0": {
    "cam_id": "wayp_2_0",
    "file_path": "./images/wayp_2_0_inpaint_0.png",
    "mask_path": "./mask/wayp_2_0_GSmask.png",
    "depth_path": "./depth/wayp_2_0_depth.png",
    "wid": 3072,
    "hei": 2048,
    "cx": 1536.0,
    "cy": 1024.0,
    "fx": 1000.0,
    "fy": 1400.0,
    "k1": 0.0,
    "k2": 0.0,
    "p1": 0.0,
    "p2": 0.0,
    "k3": 0.0,
    "k4": 0.0,
    "k5": 0.0,
    "k6": 0.0,
    "transform_matrix": [
      [
        -0.41231981615088453,
        -0.029980005438679236,
        0.9105457530971177,
        571.2179090711796
      ],
      [
        0.9110259246152264,
        -0.01895762104359297,
        0.4119130652010678,
        568.0156805674242
      ],
      [
        0.004912625395077086,
        0.999370705933621,
        0.035129164998094625,
        20.0
      ],
      [
        0.0,
        0.0,
        0.0,
        1.0
      ]
    ]
  },
  "wayp_2_1": {
    "cam_id": "wayp_2_1",
    "file_path": "./images/wayp_2_1_inpaint_0.png",
    "mask_path": "./mask/wayp_2_1_GSmask.png",
    "depth_path": "./depth/wayp_2_1_depth.png",
    "wid": 3072,
    "hei": 2048,
    "cx": 1536.0,
    "cy": 1024.0,
    "fx": 1000.0,
    "fy": 1400.0,
    "k1": 0.0,
    "k2": 0.0,
    "p1": 0.0,
    "p2": 0.0,
    "k3": 0.0,
    "k4": 0.0,
    "k5": 0.0,
    "k6": 0.0,
    "transform_matrix": [
      [
        -0.9843833223211672,
        0.02244159103299455,
        -0.17460197515448883,
        571.2179090711796
      ],
      [
        -0.17543339350061893,
        -0.04290774054035211,
        0.9835558195885878,
        568.0156805674242
      ],
      [
        0.01458078121356704,
        0.9988269623881953,
        0.04617466865687776,
        30.0
      ],
      [
        0.0,
        0.0,
        0.0,
        1.0
      ]
    ]
  },
  "wayp_3_0": {
    "cam_id": "wayp_3_0",
    "file_path": "./images/wayp_3_0_inpaint_0.png",
    "mask_path": "./mask/wayp_3_0_GSmask.png",
    "depth_path": "./depth/wayp_3_0_depth.png",
    "wid": 3072,
    "hei": 2048,
    "cx": 1536.0,
    "cy": 1024.0,
    "fx": 1000.0,
    "fy": 1400.0,
    "k1": 0.0,
    "k2": 0.0,
    "p1": 0.0,
    "p2": 0.0,
    "k3": 0.0,
    "k4": 0.0,
    "k5": 0.0,
    "k6": 0.0,
    "transform_matrix": [
      [
        -0.9843833223211671,
        0.022441591032994854,
        -0.17460197515448894,
        571.2179090711796
      ],
      [
        -0.17543339350061904,
        -0.04290774054035237,
        0.9835558195885878,
        568.0156805674242
      ],
      [
        0.01458078121356729,
        0.9988269623881953,
        0.04617466865687806,
        30.0
      ],
      [
        0.0,
        0.0,
        0.0,
        1.0
      ]
    ]
  },
  "wayp_3_1": {
    "cam_id": "wayp_3_1",
    "file_path": "./images/wayp_3_1_inpaint_0.png",
    "mask_path": "./mask/wayp_3_1_GSmask.png",
    "depth_path": "./depth/wayp_3_1_depth.png",
    "wid": 3072,
    "hei": 2048,
    "cx": 1536.0,
    "cy": 1024.0,
    "fx": 1000.0,
    "fy": 1400.0,
    "k1": 0.0,
    "k2": 0.0,
    "p1": 0.0,
    "p2": 0.0,
    "k3": 0.0,
    "k4": 0.0,
    "k5": 0.0,
    "k6": 0.0,
    "transform_matrix": [
      [
        -0.9843833223211671,
        0.022441591032994854,
        -0.17460197515448894,
        573.5636596679678
      ],
      [
        -0.17543339350061904,
        -0.04290774054035237,
        0.9835558195885878,
        552.3725232442226
      ],
      [
        0.01458078121356729,
        0.9988269623881953,
        0.04617466865687806,
        29.761903889973958
      ],
      [
        0.0,
        0.0,
        0.0,
        1.0
      ]
    ]
  },
  "wayp_3_2": {
    "cam_id": "wayp_3_2",
    "file_path": "./images/wayp_3_2_inpaint_0.png",
    "mask_path": "./mask/wayp_3_2_GSmask.png",
    "depth_path": "./depth/wayp_3_2_depth.png",
    "wid": 3072,
    "hei": 2048,
    "cx": 1536.0,
    "cy": 1024.0,
    "fx": 1000.0,
    "fy": 1400.0,
    "k1": 0.0,
    "k2": 0.0,
    "p1": 0.0,
    "p2": 0.0,
    "k3": 0.0,
    "k4": 0.0,
    "k5": 0.0,
    "k6": 0.0,
    "transform_matrix": [
      [
        -0.9843833223211671,
        0.022441591032994854,
        -0.17460197515448894,
        575.9023234049469
      ],
      [
        -0.17543339350061904,
        -0.04290774054035237,
        0.9835558195885878,
        536.7302515665697
      ],
      [
        0.01458078121356729,
        0.9988269623881953,
        0.04617466865687806,
        29.523809814453124
      ],
      [
        0.0,
        0.0,
        0.0,
        1.0
      ]
    ]
  },
  "wayp_3_3": {
    "cam_id": "wayp_3_3",
    "file_path": "./images/wayp_3_3_inpaint_0.png",
    "mask_path": "./mask/wayp_3_3_GSmask.png",
    "depth_path": "./depth/wayp_3_3_depth.png",
    "wid": 3072,
    "hei": 2048,
    "cx": 1536.0,
    "cy": 1024.0,
    "fx": 1000.0,
    "fy": 1400.0,
    "k1": 0.0,
    "k2": 0.0,
    "p1": 0.0,
    "p2": 0.0,
    "k3": 0.0,
    "k4": 0.0,
    "k5": 0.0,
    "k6": 0.0,
    "transform_matrix": [
      [
        -0.9843833223211671,
        0.022441591032994854,
        -0.17460197515448894,
        578.2480740017352
      ],
      [
        -0.17543339350061904,
        -0.04290774054035237,
        0.9835558195885878,
        521.0870942433681
      ],
      [
        0.01458078121356729,
        0.9988269623881953,
        0.04617466865687806,
        29.285713704427085
      ],
      [
        0.0,
        0.0,
        0.0,
        1.0
      ]
    ]
  },
  "wayp_3_4": {
    "cam_id": "wayp_3_4",
    "file_path": "./images/wayp_3_4_inpaint_0.png",
    "mask_path": "./mask/wayp_3_4_GSmask.png",
    "depth_path": "./depth/wayp_3_4_depth.png",
    "wid": 3072,
    "hei": 2048,
    "cx": 1536.0,
    "cy": 1024.0,
    "fx": 1000.0,
    "fy": 1400.0,
    "k1": 0.0,
    "k2": 0.0,
    "p1": 0.0,
    "p2": 0.0,
    "k3": 0.0,
    "k4": 0.0,
    "k5": 0.0,
    "k6": 0.0,
    "transform_matrix": [
      [
        -0.9843833223211671,
        0.022441591032994854,
        -0.17460197515448894,
        580.5938245985233
      ],
      [
        -0.17543339350061904,
        -0.04290774054035237,
        0.9835558195885878,
        505.4448225657152
      ],
      [
        0.01458078121356729,
        0.9988269623881953,
        0.04617466865687806,
        29.04761962890625
      ],
      [
        0.0,
        0.0,
        0.0,
        1.0
      ]
    ]
  },
  "wayp_3_5": {
    "cam_id": "wayp_3_5",
    "file_path": "./images/wayp_3_5_inpaint_0.png",
    "mask_path": "./mask/wayp_3_5_GSmask.png",
    "depth_path": "./depth/wayp_3_5_depth.png",
    "wid": 3072,
    "hei": 2048,
    "cx": 1536.0,
    "cy": 1024.0,
    "fx": 1000.0,
    "fy": 1400.0,
    "k1": 0.0,
    "k2": 0.0,
    "p1": 0.0,
    "p2": 0.0,
    "k3": 0.0,
    "k4": 0.0,
    "k5": 0.0,
    "k6": 0.0,
    "transform_matrix": [
      [
        -0.9843833223211671,
        0.022441591032994854,
        -0.17460197515448894,
        582.9395751953115
      ],
      [
        -0.17543339350061904,
        -0.04290774054035237,
        0.9835558195885878,
        489.8016652425137
      ],
      [
        0.01458078121356729,
        0.9988269623881953,
        0.04617466865687806,
        28.80952351888021
      ],
      [
        0.0,
        0.0,
        0.0,
        1.0
      ]
    ]
  },
  "wayp_3_6": {
    "cam_id": "wayp_3_6",
    "file_path": "./images/wayp_3_6_inpaint_0.png",
    "mask_path": "./mask/wayp_3_6_GSmask.png",
    "depth_path": "./depth/wayp_3_6_depth.png",
    "wid": 3072,
    "hei": 2048,
    "cx": 1536.0,
    "cy": 1024.0,
    "fx": 1000.0,
    "fy": 1400.0,
    "k1": 0.0,
    "k2": 0.0,
    "p1": 0.0,
    "p2": 0.0,
    "k3": 0.0,
    "k4": 0.0,
    "k5": 0.0,
    "k6": 0.0,
    "transform_matrix": [
      [
        -0.9843833223211671,
        0.022441591032994854,
        -0.17460197515448894,
        585.2782389322906
      ],
      [
        -0.17543339350061904,
        -0.04290774054035237,
        0.9835558195885878,
        474.1593935648607
      ],
      [
        0.01458078121356729,
        0.9988269623881953,
        0.04617466865687806,
        28.571429443359374
      ],
      [
        0.0,
        0.0,
        0.0,
        1.0
      ]
    ]
  },
  "wayp_3_7": {
    "cam_id": "wayp_3_7",
    "file_path": "./images/wayp_3_7_inpaint_0.png",
    "mask_path": "./mask/wayp_3_7_GSmask.png",
    "depth_path": "./depth/wayp_3_7_depth.png",
    "wid": 3072,
    "hei": 2048,
    "cx": 1536.0,
    "cy": 1024.0,
    "fx": 1000.0,
    "fy": 1400.0,
    "k1": 0.0,
    "k2": 0.0,
    "p1": 0.0,
    "p2": 0.0,
    "k3": 0.0,
    "k4": 0.0,
    "k5": 0.0,
    "k6": 0.0,
    "transform_matrix": [
      [
        -0.9843833223211671,
        0.022441591032994854,
        -0.17460197515448894,
        587.6239895290788
      ],
      [
        -0.17543339350061904,
        -0.04290774054035237,
        0.9835558195885878,
        458.5162362416592
      ],
      [
        0.01458078121356729,
        0.9988269623881953,
        0.04617466865687806,
        28.333333333333332
      ],
      [
        0.0,
        0.0,
        0.0,
        1.0
      ]
    ]
  },
  "wayp_4_0": {
    "cam_id": "wayp_4_0",
    "file_path": "./images/wayp_4_0_inpaint_0.png",
    "mask_path": "./mask/wayp_4_0_GSmask.png",
    "depth_path": "./depth/wayp_4_0_depth.png",
    "wid": 3072,
    "hei": 2048,
    "cx": 1536.0,
    "cy": 1024.0,
    "fx": 1000.0,
    "fy": 1400.0,
    "k1": 0.0,
    "k2": 0.0,
    "p1": 0.0,
    "p2": 0.0,
    "k3": 0.0,
    "k4": 0.0,
    "k5": 0.0,
    "k6": 0.0,
    "transform_matrix": [
      [
        -0.9843833223211671,
        0.022441591032994854,
        -0.17460197515448894,
        587.6239895290788
      ],
      [
        -0.17543339350061904,
        -0.04290774054035237,
        0.9835558195885878,
        458.5162362416592
      ],
      [
        0.01458078121356729,
        0.9988269623881953,
        0.04617466865687806,
        28.333333333333332
      ],
      [
        0.0,
        0.0,
        0.0,
        1.0
      ]
    ]
  },
  "wayp_4_1": {
    "cam_id": "wayp_4_1",
    "file_path": "./images/wayp_4_1_inpaint_0.png",
    "mask_path": "./mask/wayp_4_1_GSmask.png",
    "depth_path": "./depth/wayp_4_1_depth.png",
    "wid": 3072,
    "hei": 2048,
    "cx": 1536.0,
    "cy": 1024.0,
    "fx": 1000.0,
    "fy": 1400.0,
    "k1": 0.0,
    "k2": 0.0,
    "p1": 0.0,
    "p2": 0.0,
    "k3": 0.0,
    "k4": 0.0,
    "k5": 0.0,
    "k6": 0.0,
    "transform_matrix": [
      [
        0.9374288762370766,
        0.002727781744529395,
        0.34816614023142145,
        587.6239895290788
      ],
      [
        0.3481485490059888,
        -0.020087721194557318,
        -0.9372241307618122,
        458.5162362416592
      ],
      [
        0.004437321479929451,
        0.9997945002169016,
        -0.019780483161940532,
        28.333333333333332
      ],
      [
        0.0,
        0.0,
        0.0,
        1.0
      ]
    ]
  },
  "wayp_5_0": {
    "cam_id": "wayp_5_0",
    "file_path": "./images/wayp_5_0_inpaint_0.png",
    "mask_path": "./mask/wayp_5_0_GSmask.png",
    "depth_path": "./depth/wayp_5_0_depth.png",
    "wid": 3072,
    "hei": 2048,
    "cx": 1536.0,
    "cy": 1024.0,
    "fx": 1000.0,
    "fy": 1400.0,
    "k1": 0.0,
    "k2": 0.0,
    "p1": 0.0,
    "p2": 0.0,
    "k3": 0.0,
    "k4": 0.0,
    "k5": 0.0,
    "k6": 0.0,
    "transform_matrix": [
      [
        0.9374288762370766,
        0.0027277817445294505,
        0.3481661402314217,
        587.6239895290788
      ],
      [
        0.348148549005989,
        -0.020087721194557318,
        -0.9372241307618122,
        458.5162362416592
      ],
      [
        0.004437321479929424,
        0.9997945002169016,
        -0.019780483161940532,
        28.333333333333332
      ],
      [
        0.0,
        0.0,
        0.0,
        1.0
      ]
    ]
  },
  "wayp_5_1": {
    "cam_id": "wayp_5_1",
    "file_path": "./images/wayp_5_1_inpaint_0.png",
    "mask_path": "./mask/wayp_5_1_GSmask.png",
    "depth_path": "./depth/wayp_5_1_depth.png",
    "wid": 3072,
    "hei": 2048,
    "cx": 1536.0,
    "cy": 1024.0,
    "fx": 1000.0,
    "fy": 1400.0,
    "k1": 0.0,
    "k2": 0.0,
    "p1": 0.0,
    "p2": 0.0,
    "k3": 0.0,
    "k4": 0.0,
    "k5": 0.0,
    "k6": 0.0,
    "transform_matrix": [
      [
        0.8462997452211067,
        0.03181549384899607,
        0.5317560677508384,
        584.5837266710059
      ],
      [
        0.532658113301093,
        -0.037017563092026196,
        -0.8455205700379191,
        473.6492617289232
      ],
      [
        -0.007216340707706659,
        0.9988080267868658,
        -0.0482747351408368,
        27.261903889973958
      ],
      [
        0.0,
        0.0,
        0.0,
        1.0
      ]
    ]
  },
  "wayp_5_2": {
    "cam_id": "wayp_5_2",
    "file_path": "./images/wayp_5_2_inpaint_0.png",
    "mask_path": "./mask/wayp_5_2_GSmask.png",
    "depth_path": "./depth/wayp_5_2_depth.png",
    "wid": 3072,
    "hei": 2048,
    "cx": 1536.0,
    "cy": 1024.0,
    "fx": 1000.0,
    "fy": 1400.0,
    "k1": 0.0,
    "k2": 0.0,
    "p1": 0.0,
    "p2": 0.0,
    "k3": 0.0,
    "k4": 0.0,
    "k5": 0.0,
    "k6": 0.0,
    "transform_matrix": [
      [
        0.7191221777796173,
        0.06371525732657107,
        0.6919563999337746,
        581.5434638129329
      ],
      [
        0.6947660831638085,
        -0.04760941995143475,
        -0.7176582980897721,
        488.7831728617357
      ],
      [
        -0.012782140302808942,
        0.9968318359260488,
        -0.07850418952885607,
        26.19047648111979
      ],
      [
        0.0,
        0.0,
        0.0,
        1.0
      ]
    ]
  },
  "wayp_5_3": {
    "cam_id": "wayp_5_3",
    "file_path": "./images/wayp_5_3_inpaint_0.png",
    "mask_path": "./mask/wayp_5_3_GSmask.png",
    "depth_path": "./depth/wayp_5_3_depth.png",
    "wid": 3072,
    "hei": 2048,
    "cx": 1536.0,
    "cy": 1024.0,
    "fx": 1000.0,
    "fy": 1400.0,
    "k1": 0.0,
    "k2": 0.0,
    "p1": 0.0,
    "p2": 0.0,
    "k3": 0.0,
    "k4": 0.0,
    "k5": 0.0,
    "k6": 0.0,
    "transform_matrix": [
      [
        0.5613994346950557,
        0.09704669731361121,
        0.8218349063313094,
        578.5032009548602
      ],
      [
        0.8274576803512805,
        -0.051404958187384,
        -0.5591702044113501,
        503.91619834899967
      ],
      [
        -0.012019232577404781,
        0.993951441879468,
        -0.10916074951179394,
        25.119047037760417
      ],
      [
        0.0,
        0.0,
        0.0,
        1.0
      ]
    ]
  },
  "wayp_5_4": {
    "cam_id": "wayp_5_4",
    "file_path": "./images/wayp_5_4_inpaint_0.png",
    "mask_path": "./mask/wayp_5_4_GSmask.png",
    "depth_path": "./depth/wayp_5_4_depth.png",
    "wid": 3072,
    "hei": 2048,
    "cx": 1536.0,
    "cy": 1024.0,
    "fx": 1000.0,
    "fy": 1400.0,
    "k1": 0.0,
    "k2": 0.0,
    "p1": 0.0,
    "p2": 0.0,
    "k3": 0.0,
    "k4": 0.0,
    "k5": 0.0,
    "k6": 0.0,
    "transform_matrix": [
      [
        0.37995653553635444,
        0.13036748706811807,
        0.915771450427865,
        575.4558512369781
      ],
      [
        0.9249910395514681,
        -0.04823993628195283,
        -0.3769144270215826,
        519.0492238362636
      ],
      [
        -0.004960630273051603,
        0.990291485807617,
        -0.1389178364510364,
        24.04761962890625
      ],
      [
        0.0,
        0.0,
        0.0,
        1.0
      ]
    ]
  },
  "wayp_5_5": {
    "cam_id": "wayp_5_5",
    "file_path": "./images/wayp_5_5_inpaint_0.png",
    "mask_path": "./mask/wayp_5_5_GSmask.png",
    "depth_path": "./depth/wayp_5_5_depth.png",
    "wid": 3072,
    "hei": 2048,
    "cx": 1536.0,
    "cy": 1024.0,
    "fx": 1000.0,
    "fy": 1400.0,
    "k1": 0.0,
    "k2": 0.0,
    "p1": 0.0,
    "p2": 0.0,
    "k3": 0.0,
    "k4": 0.0,
    "k5": 0.0,
    "k6": 0.0,
    "transform_matrix": [
      [
        0.18264492463667395,
        0.16223576070772583,
        0.9697011856505329,
        572.4155883789053
      ],
      [
        0.9831456718726188,
        -0.03825131188638539,
        -0.17877758533190796,
        534.1822493235277
      ],
      [
        0.008088224935103805,
        0.986010342281741,
        -0.16648779393950527,
        22.976190185546876
      ],
      [
        0.0,
        0.0,
        0.0,
        1.0
      ]
    ]
  },
  "wayp_5_6": {
    "cam_id": "wayp_5_6",
    "file_path": "./images/wayp_5_6_inpaint_0.png",
    "mask_path": "./mask/wayp_5_6_GSmask.png",
    "depth_path": "./depth/wayp_5_6_depth.png",
    "wid": 3072,
    "hei": 2048,
    "cx": 1536.0,
    "cy": 1024.0,
    "fx": 1000.0,
    "fy": 1400.0,
    "k1": 0.0,
    "k2": 0.0,
    "p1": 0.0,
    "p2": 0.0,
    "k3": 0.0,
    "k4": 0.0,
    "k5": 0.0,
    "k6": 0.0,
    "transform_matrix": [
      [
        -0.021997278648263285,
        0.19127250600525164,
        0.9812904504674147,
        569.3753255208323
      ],
      [
        0.999405094936519,
        -0.021871315353979237,
        0.02666649170053076,
        549.3161604563402
      ],
      [
        0.026562679589949845,
        0.9812932660581941,
        -0.19067760760467892,
        21.9047607421875
      ],
      [
        0.0,
        0.0,
        0.0,
        1.0
      ]
    ]
  },
  "wayp_5_7": {
    "cam_id": "wayp_5_7",
    "file_path": "./images/wayp_5_7_inpaint_0.png",
    "mask_path": "./mask/wayp_5_7_GSmask.png",
    "depth_path": "./depth/wayp_5_7_depth.png",
    "wid": 3072,
    "hei": 2048,
    "cx": 1536.0,
    "cy": 1024.0,
    "fx": 1000.0,
    "fy": 1400.0,
    "k1": 0.0,
    "k2": 0.0,
    "p1": 0.0,
    "p2": 0.0,
    "k3": 0.0,
    "k4": 0.0,
    "k5": 0.0,
    "k6": 0.0,
    "transform_matrix": [
      [
        -0.2251147436620524,
        0.21622123736452908,
        0.9500377511965094,
        566.3350626627595
      ],
      [
        0.9730657267586023,
        0.000191253844204764,
        0.23052777452992596,
        564.4491859436041
      ],
      [
        0.049663302283695754,
        0.9763443756864272,
        -0.21044052953687223,
        20.833333333333332
      ],
      [
        0.0,
        0.0,
        0.0,
        1.0
      ]
    ]
  },
  "wayp_6_0": {
    "cam_id": "wayp_6_0",
    "file_path": "./images/wayp_6_0_inpaint_0.png",
    "mask_path": "./mask/wayp_6_0_GSmask.png",
    "depth_path": "./depth/wayp_6_0_depth.png",
    "wid": 3072,
    "hei": 2048,
    "cx": 1536.0,
    "cy": 1024.0,
    "fx": 1000.0,
    "fy": 1400.0,
    "k1": 0.0,
    "k2": 0.0,
    "p1": 0.0,
    "p2": 0.0,
    "k3": 0.0,
    "k4": 0.0,
    "k5": 0.0,
    "k6": 0.0,
    "transform_matrix": [
      [
        -0.2251147436620525,
        0.21622123736452903,
        0.9500377511965095,
        566.3350626627595
      ],
      [
        0.9730657267586024,
        0.00019125384420465297,
        0.23052777452992607,
        564.4491859436041
      ],
      [
        0.049663302283695865,
        0.9763443756864272,
        -0.21044052953687212,
        20.833333333333332
      ],
      [
        0.0,
        0.0,
        0.0,
        1.0
      ]
    ]
  },
  "wayp_6_1": {
    "cam_id": "wayp_6_1",
    "file_path": "./images/wayp_6_1_inpaint_0.png",
    "mask_path": "./mask/wayp_6_1_GSmask.png",
    "depth_path": "./depth/wayp_6_1_depth.png",
    "wid": 3072,
    "hei": 2048,
    "cx": 1536.0,
    "cy": 1024.0,
    "fx": 1000.0,
    "fy": 1400.0,
    "k1": 0.0,
    "k2": 0.0,
    "p1": 0.0,
    "p2": 0.0,
    "k3": 0.0,
    "k4": 0.0,
    "k5": 0.0,
    "k6": 0.0,
    "transform_matrix": [
      [
        -0.2251147436620525,
        0.21622123736452903,
        0.9500377511965095,
        560.587619357638
      ],
      [
        0.9730657267586024,
        0.00019125384420465297,
        0.23052777452992607,
        565.2055272420254
      ],
      [
        0.049663302283695865,
        0.9763443756864272,
        -0.21044052953687212,
        19.583333333333332
      ],
      [
        0.0,
        0.0,
        0.0,
        1.0
      ]
    ]
  },
  "wayp_6_2": {
    "cam_id": "wayp_6_2",
    "file_path": "./images/wayp_6_2_inpaint_0.png",
    "mask_path": "./mask/wayp_6_2_GSmask.png",
    "depth_path": "./depth/wayp_6_2_depth.png",
    "wid": 3072,
    "hei": 2048,
    "cx": 1536.0,
    "cy": 1024.0,
    "fx": 1000.0,
    "fy": 1400.0,
    "k1": 0.0,
    "k2": 0.0,
    "p1": 0.0,
    "p2": 0.0,
    "k3": 0.0,
    "k4": 0.0,
    "k5": 0.0,
    "k6": 0.0,
    "transform_matrix": [
      [
        -0.2251147436620525,
        0.21622123736452903,
        0.9500377511965095,
        554.8472629123255
      ],
      [
        0.9730657267586024,
        0.00019125384420465297,
        0.23052777452992607,
        565.960982894898
      ],
      [
        0.049663302283695865,
        0.9763443756864272,
        -0.21044052953687212,
        18.333333333333332
      ],
      [
        0.0,
        0.0,
        0.0,
        1.0
      ]
    ]
  },
  "wayp_6_3": {
    "cam_id": "wayp_6_3",
    "file_path": "./images/wayp_6_3_inpaint_0.png",
    "mask_path": "./mask/wayp_6_3_GSmask.png",
    "depth_path": "./depth/wayp_6_3_depth.png",
    "wid": 3072,
    "hei": 2048,
    "cx": 1536.0,
    "cy": 1024.0,
    "fx": 1000.0,
    "fy": 1400.0,
    "k1": 0.0,
    "k2": 0.0,
    "p1": 0.0,
    "p2": 0.0,
    "k3": 0.0,
    "k4": 0.0,
    "k5": 0.0,
    "k6": 0.0,
    "transform_matrix": [
      [
        -0.2251147436620525,
        0.21622123736452903,
        0.9500377511965095,
        549.099819607204
      ],
      [
        0.9730657267586024,
        0.00019125384420465297,
        0.23052777452992607,
        566.7164385477708
      ],
      [
        0.049663302283695865,
        0.9763443756864272,
        -0.21044052953687212,
        17.083333333333332
      ],
      [
        0.0,
        0.0,
        0.0,
        1.0
      ]
    ]
  },
  "wayp_6_4": {
    "cam_id": "wayp_6_4",
    "file_path": "./images/wayp_6_4_inpaint_0.png",
    "mask_path": "./mask/wayp_6_4_GSmask.png",
    "depth_path": "./depth/wayp_6_4_depth.png",
    "wid": 3072,
    "hei": 2048,
    "cx": 1536.0,
    "cy": 1024.0,
    "fx": 1000.0,
    "fy": 1400.0,
    "k1": 0.0,
    "k2": 0.0,
    "p1": 0.0,
    "p2": 0.0,
    "k3": 0.0,
    "k4": 0.0,
    "k5": 0.0,
    "k6": 0.0,
    "transform_matrix": [
      [
        -0.2251147436620525,
        0.21622123736452903,
        0.9500377511965095,
        543.3523763020826
      ],
      [
        0.9730657267586024,
        0.00019125384420465297,
        0.23052777452992607,
        567.472779846192
      ],
      [
        0.049663302283695865,
        0.9763443756864272,
        -0.21044052953687212,
        15.833333333333334
      ],
      [
        0.0,
        0.0,
        0.0,
        1.0
      ]
    ]
  },
  "wayp_7_0": {
    "cam_id": "wayp_7_0",
    "file_path": "./images/wayp_7_0_inpaint_0.png",
    "mask_path": "./mask/wayp_7_0_GSmask.png",
    "depth_path": "./depth/wayp_7_0_depth.png",
    "wid": 3072,
    "hei": 2048,
    "cx": 1536.0,
    "cy": 1024.0,
    "fx": 1000.0,
    "fy": 1400.0,
    "k1": 0.0,
    "k2": 0.0,
    "p1": 0.0,
    "p2": 0.0,
    "k3": 0.0,
    "k4": 0.0,
    "k5": 0.0,
    "k6": 0.0,
    "transform_matrix": [
      [
        -0.2251147436620525,
        0.21622123736452903,
        0.9500377511965095,
        543.3523763020826
      ],
      [
        0.9730657267586024,
        0.00019125384420465297,
        0.23052777452992607,
        567.472779846192
      ],
      [
        0.049663302283695865,
        0.9763443756864272,
        -0.21044052953687212,
        15.833333333333334
      ],
      [
        0.0,
        0.0,
        0.0,
        1.0
      ]
    ]
  },
  "wayp_7_1": {
    "cam_id": "wayp_7_1",
    "file_path": "./images/wayp_7_1_inpaint_0.png",
    "mask_path": "./mask/wayp_7_1_GSmask.png",
    "depth_path": "./depth/wayp_7_1_depth.png",
    "wid": 3072,
    "hei": 2048,
    "cx": 1536.0,
    "cy": 1024.0,
    "fx": 1000.0,
    "fy": 1400.0,
    "k1": 0.0,
    "k2": 0.0,
    "p1": 0.0,
    "p2": 0.0,
    "k3": 0.0,
    "k4": 0.0,
    "k5": 0.0,
    "k6": 0.0,
    "transform_matrix": [
      [
        -0.2739223616677036,
        0.15505953496740432,
        0.9491696794536159,
        536.1096055772562
      ],
      [
        0.9607854478257064,
        -0.00011171736576578994,
        0.277292824944294,
        569.8135410308844
      ],
      [
        0.04310293522191344,
        0.9879051210186747,
        -0.14894834285863345,
        15.416666666666666
      ],
      [
        0.0,
        0.0,
        0.0,
        1.0
      ]
    ]
  },
  "wayp_7_2": {
    "cam_id": "wayp_7_2",
    "file_path": "./images/wayp_7_2_inpaint_0.png",
    "mask_path": "./mask/wayp_7_2_GSmask.png",
    "depth_path": "./depth/wayp_7_2_depth.png",
    "wid": 3072,
    "hei": 2048,
    "cx": 1536.0,
    "cy": 1024.0,
    "fx": 1000.0,
    "fy": 1400.0,
    "k1": 0.0,
    "k2": 0.0,
    "p1": 0.0,
    "p2": 0.0,
    "k3": 0.0,
    "k4": 0.0,
    "k5": 0.0,
    "k6": 0.0,
    "transform_matrix": [
      [
        -0.3215882545280717,
        0.09338329412329294,
        0.9422635273257005,
        528.8597479926209
      ],
      [
        0.946289845324504,
        -0.003420976863794639,
        0.32330144687740575,
        572.1543022155768
      ],
      [
        0.03341441583081767,
        0.9956243555156634,
        -0.08726751697341481,
        15.0
      ],
      [
        0.0,
        0.0,
        0.0,
        1.0
      ]
    ]
  },
  "wayp_7_3": {
    "cam_id": "wayp_7_3",
    "file_path": "./images/wayp_7_3_inpaint_0.png",
    "mask_path": "./mask/wayp_7_3_GSmask.png",
    "depth_path": "./depth/wayp_7_3_depth.png",
    "wid": 3072,
    "hei": 2048,
    "cx": 1536.0,
    "cy": 1024.0,
    "fx": 1000.0,
    "fy": 1400.0,
    "k1": 0.0,
    "k2": 0.0,
    "p1": 0.0,
    "p2": 0.0,
    "k3": 0.0,
    "k4": 0.0,
    "k5": 0.0,
    "k6": 0.0,
    "transform_matrix": [
      [
        -0.3678164281017944,
        0.031575509985660555,
        0.9293621804160007,
        521.6098904079854
      ],
      [
        0.9296689335851243,
        -0.009715974915786157,
        0.3682679374560505,
        574.4950634002691
      ],
      [
        0.020657907569144318,
        0.9994541445211889,
        -0.025781075506724427,
        14.583333333333334
      ],
      [
        0.0,
        0.0,
        0.0,
        1.0
      ]
    ]
  },
  "wayp_7_4": {
    "cam_id": "wayp_7_4",
