{
  "wayp_0_0": {
    "cam_id": "wayp_0_0",
    "file_path": "./images/wayp_0_0_inpaint_0.png",
    "mask_path": "./mask/wayp_0_0_GSmask.png",
    "depth_path": "./depth/wayp_0_0_depth.png",
    "wid": 3072,
    "hei": 2048,
    "cx": 1536.0,
    "cy": 1024.0,
    "fx": 1000.0,
    "fy": 1400.0,
    "k1": 0.0,
    "k2": 0.0,
    "p1": 0.0,
    "p2": 0.0,
    "k3": 0.0,
    "k4": 0.0,
    "k5": 0.0,
    "k6": 0.0,
    "transform_matrix": [
      [
        -0.9279552568643291,
        0.04755535265860461,
        -0.3696451402242068,
        418.19134521484375
      ],
      [
        -0.3723903378396458,
        -0.07843874526897002,
        0.9247555350060386,
        780.0808502197273
      ],
      [
        0.014982574596249493,
        0.995784038672114,
        0.090496799856804,
        21.666666666666668
      ],
      [
        0.0,
        0.0,
        0.0,
        1.0
      ]
    ]
  },
  "wayp_0_1": {
    "cam_id": "wayp_0_1",
    "file_path": "./images/wayp_0_1_inpaint_0.png",
    "mask_path": "./mask/wayp_0_1_GSmask.png",
    "depth_path": "./depth/wayp_0_1_depth.png",
    "wid": 3072,
    "hei": 2048,
    "cx": 1536.0,
    "cy": 1024.0,
    "fx": 1000.0,
    "fy": 1400.0,
    "k1": 0.0,
    "k2": 0.0,
    "p1": 0.0,
    "p2": 0.0,
    "k3": 0.0,
    "k4": 0.0,
    "k5": 0.0,
    "k6": 0.0,
    "transform_matrix": [
      [
        -0.9279552568643291,
        0.04755535265860461,
        -0.3696451402242068,
        421.72060139973956
      ],
      [
        -0.3723903378396458,
        -0.07843874526897002,
        0.9247555350060386,
        774.4871129353847
      ],
      [
        0.014982574596249493,
        0.995784038672114,
        0.090496799856804,
        22.63157958984375
      ],
      [
        0.0,
        0.0,
        0.0,
        1.0
      ]
    ]
  },
  "wayp_0_2": {
    "cam_id": "wayp_0_2",
    "file_path": "./images/wayp_0_2_inpaint_0.png",
    "mask_path": "./mask/wayp_0_2_GSmask.png",
    "depth_path": "./depth/wayp_0_2_depth.png",
    "wid": 3072,
    "hei": 2048,
    "cx": 1536.0,
    "cy": 1024.0,
    "fx": 1000.0,
    "fy": 1400.0,
    "k1": 0.0,
    "k2": 0.0,
    "p1": 0.0,
    "p2": 0.0,
    "k3": 0.0,
    "k4": 0.0,
    "k5": 0.0,
    "k6": 0.0,
    "transform_matrix": [
      [
        -0.9279552568643291,
        0.04755535265860461,
        -0.3696451402242068,
        425.24277072482636
      ],
      [
        -0.3723903378396458,
        -0.07843874526897002,
        0.9247555350060386,
        768.8916043599453
      ],
      [
        0.014982574596249493,
        0.995784038672114,
        0.090496799856804,
        23.596490478515626
      ],
      [
        0.0,
        0.0,
        0.0,
        1.0
      ]
    ]
  },
  "wayp_0_3": {
    "cam_id": "wayp_0_3",
    "file_path": "./images/wayp_0_3_inpaint_0.png",
    "mask_path": "./mask/wayp_0_3_GSmask.png",
    "depth_path": "./depth/wayp_0_3_depth.png",
    "wid": 3072,
    "hei": 2048,
    "cx": 1536.0,
    "cy": 1024.0,
    "fx": 1000.0,
    "fy": 1400.0,
    "k1": 0.0,
    "k2": 0.0,
    "p1": 0.0,
    "p2": 0.0,
    "k3": 0.0,
    "k4": 0.0,
    "k5": 0.0,
    "k6": 0.0,
    "transform_matrix": [
      [
        -0.9279552568643291,
        0.04755535265860461,
        -0.3696451402242068,
        428.7720269097221
      ],
      [
        -0.3723903378396458,
        -0.07843874526897002,
        0.9247555350060386,
        763.2978670756029
      ],
      [
        0.014982574596249493,
        0.995784038672114,
        0.090496799856804,
        24.561403401692708
      ],
      [
        0.0,
        0.0,
        0.0,
        1.0
      ]
    ]
  },
  "wayp_0_4": {
    "cam_id": "wayp_0_4",
    "file_path": "./images/wayp_0_4_inpaint_0.png",
    "mask_path": "./mask/wayp_0_4_GSmask.png",
    "depth_path": "./depth/wayp_0_4_depth.png",
    "wid": 3072,
    "hei": 2048,
    "cx": 1536.0,
    "cy": 1024.0,
    "fx": 1000.0,
    "fy": 1400.0,
    "k1": 0.0,
    "k2": 0.0,
    "p1": 0.0,
    "p2": 0.0,
    "k3": 0.0,
    "k4": 0.0,
    "k5": 0.0,
    "k6": 0.0,
    "transform_matrix": [
      [
        -0.9279552568643291,
        0.04755535265860461,
        -0.3696451402242068,
        432.2941962348089
      ],
      [
        -0.3723903378396458,
        -0.07843874526897002,
        0.9247555350060386,
        757.7023585001634
      ],
      [
        0.014982574596249493,
        0.995784038672114,
        0.090496799856804,
        25.526316324869793
      ],
      [
        0.0,
        0.0,
        0.0,
        1.0
      ]
    ]
  },
  "wayp_0_5": {
    "cam_id": "wayp_0_5",
    "file_path": "./images/wayp_0_5_inpaint_0.png",
    "mask_path": "./mask/wayp_0_5_GSmask.png",
    "depth_path": "./depth/wayp_0_5_depth.png",
    "wid": 3072,
    "hei": 2048,
    "cx": 1536.0,
    "cy": 1024.0,
    "fx": 1000.0,
    "fy": 1400.0,
    "k1": 0.0,
    "k2": 0.0,
    "p1": 0.0,
    "p2": 0.0,
    "k3": 0.0,
    "k4": 0.0,
    "k5": 0.0,
    "k6": 0.0,
    "transform_matrix": [
      [
        -0.9279552568643291,
        0.04755535265860461,
        -0.3696451402242068,
        435.8234524197047
      ],
      [
        -0.3723903378396458,
        -0.07843874526897002,
        0.9247555350060386,
        752.108621215821
      ],
      [
        0.014982574596249493,
        0.995784038672114,
        0.090496799856804,
        26.491227213541666
      ],
      [
        0.0,
        0.0,
        0.0,
        1.0
      ]
    ]
  },
  "wayp_0_6": {
    "cam_id": "wayp_0_6",
    "file_path": "./images/wayp_0_6_inpaint_0.png",
    "mask_path": "./mask/wayp_0_6_GSmask.png",
    "depth_path": "./depth/wayp_0_6_depth.png",
    "wid": 3072,
    "hei": 2048,
    "cx": 1536.0,
    "cy": 1024.0,
    "fx": 1000.0,
    "fy": 1400.0,
    "k1": 0.0,
    "k2": 0.0,
    "p1": 0.0,
    "p2": 0.0,
    "k3": 0.0,
    "k4": 0.0,
    "k5": 0.0,
    "k6": 0.0,
    "transform_matrix": [
      [
        -0.9279552568643291,
        0.04755535265860461,
        -0.3696451402242068,
        439.3456217447915
      ],
      [
        -0.3723903378396458,
        -0.07843874526897002,
        0.9247555350060386,
        746.5148839314785
      ],
      [
        0.014982574596249493,
        0.995784038672114,
        0.090496799856804,
        27.45614013671875
      ],
      [
        0.0,
        0.0,
        0.0,
        1.0
      ]
    ]
  },
  "wayp_0_7": {
    "cam_id": "wayp_0_7",
    "file_path": "./images/wayp_0_7_inpaint_0.png",
    "mask_path": "./mask/wayp_0_7_GSmask.png",
    "depth_path": "./depth/wayp_0_7_depth.png",
    "wid": 3072,
    "hei": 2048,
    "cx": 1536.0,
    "cy": 1024.0,
    "fx": 1000.0,
    "fy": 1400.0,
    "k1": 0.0,
    "k2": 0.0,
    "p1": 0.0,
    "p2": 0.0,
    "k3": 0.0,
    "k4": 0.0,
    "k5": 0.0,
    "k6": 0.0,
    "transform_matrix": [
      [
        -0.9279552568643291,
        0.04755535265860461,
        -0.3696451402242068,
        442.8748779296874
      ],
      [
        -0.3723903378396458,
        -0.07843874526897002,
        0.9247555350060386,
        740.919375356039
      ],
      [
        0.014982574596249493,
        0.995784038672114,
        0.090496799856804,
        28.421053059895833
      ],
      [
        0.0,
        0.0,
        0.0,
        1.0
      ]
    ]
  },
  "wayp_0_8": {
    "cam_id": "wayp_0_8",
    "file_path": "./images/wayp_0_8_inpaint_0.png",
    "mask_path": "./mask/wayp_0_8_GSmask.png",
    "depth_path": "./depth/wayp_0_8_depth.png",
    "wid": 3072,
    "hei": 2048,
    "cx": 1536.0,
    "cy": 1024.0,
    "fx": 1000.0,
    "fy": 1400.0,
    "k1": 0.0,
    "k2": 0.0,
    "p1": 0.0,
    "p2": 0.0,
    "k3": 0.0,
    "k4": 0.0,
    "k5": 0.0,
    "k6": 0.0,
    "transform_matrix": [
      [
        -0.9279552568643291,
        0.04755535265860461,
        -0.3696451402242068,
        446.40413411458314
      ],
      [
        -0.3723903378396458,
        -0.07843874526897002,
        0.9247555350060386,
        735.3256380716966
      ],
      [
        0.014982574596249493,
        0.995784038672114,
        0.090496799856804,
        29.385965983072918
      ],
      [
        0.0,
        0.0,
        0.0,
        1.0
      ]
    ]
  },
  "wayp_0_9": {
    "cam_id": "wayp_0_9",
    "file_path": "./images/wayp_0_9_inpaint_0.png",
    "mask_path": "./mask/wayp_0_9_GSmask.png",
    "depth_path": "./depth/wayp_0_9_depth.png",
    "wid": 3072,
    "hei": 2048,
    "cx": 1536.0,
    "cy": 1024.0,
    "fx": 1000.0,
    "fy": 1400.0,
    "k1": 0.0,
    "k2": 0.0,
    "p1": 0.0,
    "p2": 0.0,
    "k3": 0.0,
    "k4": 0.0,
    "k5": 0.0,
    "k6": 0.0,
    "transform_matrix": [
      [
        -0.9279552568643291,
        0.04755535265860461,
        -0.3696451402242068,
        449.92630343966994
      ],
      [
        -0.3723903378396458,
        -0.07843874526897002,
        0.9247555350060386,
        729.7310151418056
      ],
      [
        0.014982574596249493,
        0.995784038672114,
        0.090496799856804,
        30.35087687174479
      ],
      [
        0.0,
        0.0,
        0.0,
        1.0
      ]
    ]
  },
  "wayp_0_10": {
    "cam_id": "wayp_0_10",
    "file_path": "./images/wayp_0_10_inpaint_0.png",
    "mask_path": "./mask/wayp_0_10_GSmask.png",
    "depth_path": "./depth/wayp_0_10_depth.png",
    "wid": 3072,
    "hei": 2048,
    "cx": 1536.0,
    "cy": 1024.0,
    "fx": 1000.0,
    "fy": 1400.0,
    "k1": 0.0,
    "k2": 0.0,
    "p1": 0.0,
    "p2": 0.0,
    "k3": 0.0,
    "k4": 0.0,
    "k5": 0.0,
    "k6": 0.0,
    "transform_matrix": [
      [
        -0.9279552568643291,
        0.04755535265860461,
        -0.3696451402242068,
        453.45555962456575
      ],
      [
        -0.3723903378396458,
        -0.07843874526897002,
        0.9247555350060386,
        724.1363922119148
      ],
      [
        0.014982574596249493,
        0.995784038672114,
        0.090496799856804,
        31.315789794921876
      ],
      [
        0.0,
        0.0,
        0.0,
        1.0
      ]
    ]
  },
  "wayp_0_11": {
    "cam_id": "wayp_0_11",
    "file_path": "./images/wayp_0_11_inpaint_0.png",
    "mask_path": "./mask/wayp_0_11_GSmask.png",
    "depth_path": "./depth/wayp_0_11_depth.png",
    "wid": 3072,
    "hei": 2048,
    "cx": 1536.0,
    "cy": 1024.0,
    "fx": 1000.0,
    "fy": 1400.0,
    "k1": 0.0,
    "k2": 0.0,
    "p1": 0.0,
    "p2": 0.0,
    "k3": 0.0,
    "k4": 0.0,
    "k5": 0.0,
    "k6": 0.0,
    "transform_matrix": [
      [
        -0.9279552568643291,
        0.04755535265860461,
        -0.3696451402242068,
        456.97772894965254
      ],
      [
        -0.3723903378396458,
        -0.07843874526897002,
        0.9247555350060386,
        718.5417692820238
      ],
      [
        0.014982574596249493,
        0.995784038672114,
        0.090496799856804,
        32.28070068359375
      ],
      [
        0.0,
        0.0,
        0.0,
        1.0
      ]
    ]
  },
  "wayp_0_12": {
    "cam_id": "wayp_0_12",
    "file_path": "./images/wayp_0_12_inpaint_0.png",
    "mask_path": "./mask/wayp_0_12_GSmask.png",
    "depth_path": "./depth/wayp_0_12_depth.png",
    "wid": 3072,
    "hei": 2048,
    "cx": 1536.0,
    "cy": 1024.0,
    "fx": 1000.0,
    "fy": 1400.0,
    "k1": 0.0,
    "k2": 0.0,
    "p1": 0.0,
    "p2": 0.0,
    "k3": 0.0,
    "k4": 0.0,
    "k5": 0.0,
    "k6": 0.0,
    "transform_matrix": [
      [
        -0.9279552568643291,
        0.04755535265860461,
        -0.3696451402242068,
        460.50698513454836
      ],
      [
        -0.3723903378396458,
        -0.07843874526897002,
        0.9247555350060386,
        712.9480319976814
      ],
      [
        0.014982574596249493,
        0.995784038672114,
        0.090496799856804,
        33.24561360677083
      ],
      [
        0.0,
        0.0,
        0.0,
        1.0
      ]
    ]
  },
  "wayp_0_13": {
    "cam_id": "wayp_0_13",
    "file_path": "./images/wayp_0_13_inpaint_0.png",
    "mask_path": "./mask/wayp_0_13_GSmask.png",
    "depth_path": "./depth/wayp_0_13_depth.png",
    "wid": 3072,
    "hei": 2048,
    "cx": 1536.0,
    "cy": 1024.0,
    "fx": 1000.0,
    "fy": 1400.0,
    "k1": 0.0,
    "k2": 0.0,
    "p1": 0.0,
    "p2": 0.0,
    "k3": 0.0,
    "k4": 0.0,
    "k5": 0.0,
    "k6": 0.0,
    "transform_matrix": [
      [
        -0.9279552568643291,
        0.04755535265860461,
        -0.3696451402242068,
        464.0362413194441
      ],
      [
        -0.3723903378396458,
        -0.07843874526897002,
        0.9247555350060386,
        707.3534090677904
      ],
      [
        0.014982574596249493,
        0.995784038672114,
        0.090496799856804,
        34.21052652994792
      ],
      [
        0.0,
        0.0,
        0.0,
        1.0
      ]
    ]
  },
  "wayp_0_14": {
    "cam_id": "wayp_0_14",
    "file_path": "./images/wayp_0_14_inpaint_0.png",
    "mask_path": "./mask/wayp_0_14_GSmask.png",
    "depth_path": "./depth/wayp_0_14_depth.png",
    "wid": 3072,
    "hei": 2048,
    "cx": 1536.0,
    "cy": 1024.0,
    "fx": 1000.0,
    "fy": 1400.0,
    "k1": 0.0,
    "k2": 0.0,
    "p1": 0.0,
    "p2": 0.0,
    "k3": 0.0,
    "k4": 0.0,
    "k5": 0.0,
    "k6": 0.0,
    "transform_matrix": [
      [
        -0.9279552568643291,
        0.04755535265860461,
        -0.3696451402242068,
        467.5584106445309
      ],
      [
        -0.3723903378396458,
        -0.07843874526897002,
        0.9247555350060386,
        701.7587861378994
      ],
      [
        0.014982574596249493,
        0.995784038672114,
        0.090496799856804,
        35.175439453125
      ],
      [
        0.0,
        0.0,
        0.0,
        1.0
      ]
    ]
  },
  "wayp_0_15": {
    "cam_id": "wayp_0_15",
    "file_path": "./images/wayp_0_15_inpaint_0.png",
    "mask_path": "./mask/wayp_0_15_GSmask.png",
    "depth_path": "./depth/wayp_0_15_depth.png",
    "wid": 3072,
    "hei": 2048,
    "cx": 1536.0,
    "cy": 1024.0,
    "fx": 1000.0,
    "fy": 1400.0,
    "k1": 0.0,
    "k2": 0.0,
    "p1": 0.0,
    "p2": 0.0,
    "k3": 0.0,
    "k4": 0.0,
    "k5": 0.0,
    "k6": 0.0,
    "transform_matrix": [
      [
        -0.9279552568643291,
        0.04755535265860458,
        -0.3696451402242068,
        471.0876668294267
      ],
      [
        -0.3723903378396458,
        -0.07843874526897002,
        0.9247555350060386,
        696.1641632080084
      ],
      [
        0.014982574596249493,
        0.995784038672114,
        0.090496799856804,
        36.14035237630208
      ],
      [
        0.0,
        0.0,
        0.0,
        1.0
      ]
    ]
  },
  "wayp_0_16": {
    "cam_id": "wayp_0_16",
    "file_path": "./images/wayp_0_16_inpaint_0.png",
    "mask_path": "./mask/wayp_0_16_GSmask.png",
    "depth_path": "./depth/wayp_0_16_depth.png",
    "wid": 3072,
    "hei": 2048,
    "cx": 1536.0,
    "cy": 1024.0,
    "fx": 1000.0,
    "fy": 1400.0,
    "k1": 0.0,
    "k2": 0.0,
    "p1": 0.0,
    "p2": 0.0,
    "k3": 0.0,
    "k4": 0.0,
    "k5": 0.0,
    "k6": 0.0,
    "transform_matrix": [
      [
        -0.9279552568643291,
        0.04755535265860458,
        -0.3696451402242068,
        474.6098361545135
      ],
      [
        -0.3723903378396458,
        -0.07843874526897002,
        0.9247555350060386,
        690.5695402781175
      ],
      [
        0.014982574596249493,
        0.995784038672114,
        0.090496799856804,
        37.105265299479164
      ],
      [
        0.0,
        0.0,
        0.0,
        1.0
      ]
    ]
  },
  "wayp_0_17": {
    "cam_id": "wayp_0_17",
    "file_path": "./images/wayp_0_17_inpaint_0.png",
    "mask_path": "./mask/wayp_0_17_GSmask.png",
    "depth_path": "./depth/wayp_0_17_depth.png",
    "wid": 3072,
    "hei": 2048,
    "cx": 1536.0,
    "cy": 1024.0,
    "fx": 1000.0,
    "fy": 1400.0,
    "k1": 0.0,
    "k2": 0.0,
    "p1": 0.0,
    "p2": 0.0,
    "k3": 0.0,
    "k4": 0.0,
    "k5": 0.0,
    "k6": 0.0,
    "transform_matrix": [
      [
        -0.9279552568643291,
        0.04755535265860458,
        -0.3696451402242068,
        478.1390923394094
      ],
      [
        -0.3723903378396458,
        -0.07843874526897002,
        0.9247555350060386,
        684.975802993775
      ],
      [
        0.014982574596249493,
        0.995784038672114,
        0.090496799856804,
        38.07017415364583
      ],
      [
        0.0,
        0.0,
        0.0,
        1.0
      ]
    ]
  },
  "wayp_0_18": {
    "cam_id": "wayp_0_18",
    "file_path": "./images/wayp_0_18_inpaint_0.png",
    "mask_path": "./mask/wayp_0_18_GSmask.png",
    "depth_path": "./depth/wayp_0_18_depth.png",
    "wid": 3072,
    "hei": 2048,
    "cx": 1536.0,
    "cy": 1024.0,
    "fx": 1000.0,
    "fy": 1400.0,
    "k1": 0.0,
    "k2": 0.0,
    "p1": 0.0,
    "p2": 0.0,
    "k3": 0.0,
    "k4": 0.0,
    "k5": 0.0,
    "k6": 0.0,
    "transform_matrix": [
      [
        -0.9279552568643291,
        0.04755535265860458,
        -0.3696451402242068,
        481.6612616644961
      ],
      [
        -0.3723903378396458,
        -0.07843874526897002,
        0.9247555350060386,
        679.3811800638841
      ],
      [
        0.014982574596249493,
        0.995784038672114,
        0.090496799856804,
        39.03508707682292
      ],
      [
        0.0,
        0.0,
        0.0,
        1.0
      ]
    ]
  },
  "wayp_0_19": {
    "cam_id": "wayp_0_19",
    "file_path": "./images/wayp_0_19_inpaint_0.png",
    "mask_path": "./mask/wayp_0_19_GSmask.png",
    "depth_path": "./depth/wayp_0_19_depth.png",
    "wid": 3072,
    "hei": 2048,
    "cx": 1536.0,
    "cy": 1024.0,
    "fx": 1000.0,
    "fy": 1400.0,
    "k1": 0.0,
    "k2": 0.0,
    "p1": 0.0,
    "p2": 0.0,
    "k3": 0.0,
    "k4": 0.0,
    "k5": 0.0,
    "k6": 0.0,
    "transform_matrix": [
      [
        -0.9279552568643291,
        0.04755535265860458,
        -0.3696451402242068,
        485.19051784939194
      ],
      [
        -0.3723903378396458,
        -0.07843874526897002,
        0.9247555350060386,
        673.7865571339931
      ],
      [
        0.014982574596249493,
        0.995784038672114,
        0.090496799856804,
        40.0
      ],
      [
        0.0,
        0.0,
        0.0,
        1.0
      ]
    ]
  },
  "wayp_1_0": {
    "cam_id": "wayp_1_0",
    "file_path": "./images/wayp_1_0_inpaint_0.png",
    "mask_path": "./mask/wayp_1_0_GSmask.png",
    "depth_path": "./depth/wayp_1_0_depth.png",
    "wid": 3072,
    "hei": 2048,
    "cx": 1536.0,
    "cy": 1024.0,
    "fx": 1000.0,
    "fy": 1400.0,
    "k1": 0.0,
    "k2": 0.0,
    "p1": 0.0,
    "p2": 0.0,
    "k3": 0.0,
    "k4": 0.0,
    "k5": 0.0,
    "k6": 0.0,
    "transform_matrix": [
      [
        -0.9279552568643291,
        0.04755535265860461,
        -0.3696451402242068,
        485.19051784939194
      ],
      [
        -0.3723903378396458,
        -0.07843874526897002,
        0.9247555350060386,
        673.7865571339931
      ],
      [
        0.014982574596249493,
        0.995784038672114,
        0.090496799856804,
        40.0
      ],
      [
        0.0,
        0.0,
        0.0,
        1.0
      ]
    ]
  },
  "wayp_1_1": {
    "cam_id": "wayp_1_1",
    "file_path": "./images/wayp_1_1_inpaint_0.png",
    "mask_path": "./mask/wayp_1_1_GSmask.png",
    "depth_path": "./depth/wayp_1_1_depth.png",
    "wid": 3072,
    "hei": 2048,
    "cx": 1536.0,
    "cy": 1024.0,
    "fx": 1000.0,
    "fy": 1400.0,
    "k1": 0.0,
    "k2": 0.0,
    "p1": 0.0,
    "p2": 0.0,
    "k3": 0.0,
    "k4": 0.0,
    "k5": 0.0,
    "k6": 0.0,
    "transform_matrix": [
      [
        -0.9279552568643291,
        0.04755535265860461,
        -0.3696451402242068,
        490.12297227647525
      ],
      [
        -0.3723903378396458,
        -0.07843874526897002,
        0.9247555350060386,
        668.3345231374111
      ],
      [
        0.014982574596249493,
        0.995784038672114,
        0.090496799856804,
        39.814815266927084
      ],
      [
        0.0,
        0.0,
        0.0,
        1.0
      ]
    ]
  },
  "wayp_1_2": {
    "cam_id": "wayp_1_2",
    "file_path": "./images/wayp_1_2_inpaint_0.png",
    "mask_path": "./mask/wayp_1_2_GSmask.png",
    "depth_path": "./depth/wayp_1_2_depth.png",
    "wid": 3072,
    "hei": 2048,
    "cx": 1536.0,
    "cy": 1024.0,
    "fx": 1000.0,
    "fy": 1400.0,
    "k1": 0.0,
    "k2": 0.0,
    "p1": 0.0,
    "p2": 0.0,
    "k3": 0.0,
    "k4": 0.0,
    "k5": 0.0,
    "k6": 0.0,
    "transform_matrix": [
      [
        -0.9279552568643291,
        0.04755535265860461,
        -0.3696451402242068,
        495.0625135633676
      ],
      [
        -0.3723903378396458,
        -0.07843874526897002,
        0.9247555350060386,
        662.8816034952806
      ],
      [
        0.014982574596249493,
        0.995784038672114,
        0.090496799856804,
        39.62963053385417
      ],
      [
        0.0,
        0.0,
        0.0,
        1.0
      ]
    ]
  },
  "wayp_1_3": {
    "cam_id": "wayp_1_3",
    "file_path": "./images/wayp_1_3_inpaint_0.png",
    "mask_path": "./mask/wayp_1_3_GSmask.png",
    "depth_path": "./depth/wayp_1_3_depth.png",
    "wid": 3072,
    "hei": 2048,
    "cx": 1536.0,
    "cy": 1024.0,
    "fx": 1000.0,
    "fy": 1400.0,
    "k1": 0.0,
    "k2": 0.0,
    "p1": 0.0,
    "p2": 0.0,
    "k3": 0.0,
    "k4": 0.0,
    "k5": 0.0,
    "k6": 0.0,
    "transform_matrix": [
      [
        -0.9279552568643291,
        0.04755535265860461,
        -0.3696451402242068,
        499.99496799045085
      ],
      [
        -0.3723903378396458,
        -0.07843874526897002,
        0.9247555350060386,
        657.4295694986986
      ],
      [
        0.014982574596249493,
        0.995784038672114,
        0.090496799856804,
        39.44444580078125
      ],
      [
        0.0,
        0.0,
        0.0,
        1.0
      ]
    ]
  },
  "wayp_1_4": {
    "cam_id": "wayp_1_4",
    "file_path": "./images/wayp_1_4_inpaint_0.png",
    "mask_path": "./mask/wayp_1_4_GSmask.png",
    "depth_path": "./depth/wayp_1_4_depth.png",
    "wid": 3072,
    "hei": 2048,
    "cx": 1536.0,
    "cy": 1024.0,
    "fx": 1000.0,
    "fy": 1400.0,
    "k1": 0.0,
    "k2": 0.0,
    "p1": 0.0,
    "p2": 0.0,
    "k3": 0.0,
    "k4": 0.0,
    "k5": 0.0,
    "k6": 0.0,
    "transform_matrix": [
      [
        -0.9279552568643291,
        0.04755535265860461,
        -0.3696451402242068,
        504.92742241753416
      ],
      [
        -0.3723903378396458,
        -0.07843874526897002,
        0.9247555350060386,
        651.9775355021166
      ],
      [
        0.014982574596249493,
        0.995784038672114,
        0.090496799856804,
        39.25926106770833
      ],
      [
        0.0,
        0.0,
        0.0,
        1.0
      ]
    ]
  },
  "wayp_1_5": {
    "cam_id": "wayp_1_5",
    "file_path": "./images/wayp_1_5_inpaint_0.png",
    "mask_path": "./mask/wayp_1_5_GSmask.png",
    "depth_path": "./depth/wayp_1_5_depth.png",
    "wid": 3072,
    "hei": 2048,
    "cx": 1536.0,
    "cy": 1024.0,
    "fx": 1000.0,
    "fy": 1400.0,
    "k1": 0.0,
    "k2": 0.0,
    "p1": 0.0,
    "p2": 0.0,
    "k3": 0.0,
    "k4": 0.0,
    "k5": 0.0,
    "k6": 0.0,
    "transform_matrix": [
      [
        -0.9279552568643291,
        0.04755535265860461,
        -0.3696451402242068,
        509.8669637044265
      ],
      [
        -0.3723903378396458,
        -0.07843874526897002,
        0.9247555350060386,
        646.5246158599859
      ],
      [
        0.014982574596249493,
        0.995784038672114,
        0.090496799856804,
        39.074072265625
      ],
      [
        0.0,
        0.0,
        0.0,
        1.0
      ]
    ]
  },
  "wayp_1_6": {
    "cam_id": "wayp_1_6",
    "file_path": "./images/wayp_1_6_inpaint_0.png",
    "mask_path": "./mask/wayp_1_6_GSmask.png",
    "depth_path": "./depth/wayp_1_6_depth.png",
    "wid": 3072,
    "hei": 2048,
    "cx": 1536.0,
    "cy": 1024.0,
    "fx": 1000.0,
    "fy": 1400.0,
    "k1": 0.0,
    "k2": 0.0,
    "p1": 0.0,
    "p2": 0.0,
    "k3": 0.0,
    "k4": 0.0,
    "k5": 0.0,
    "k6": 0.0,
    "transform_matrix": [
      [
        -0.9279552568643291,
        0.04755535265860461,
        -0.3696451402242068,
        514.7994181315098
      ],
      [
        -0.3723903378396458,
        -0.07843874526897002,
        0.9247555350060386,
        641.0725818634039
      ],
      [
        0.014982574596249493,
        0.995784038672114,
        0.090496799856804,
        38.88888753255208
      ],
      [
        0.0,
        0.0,
        0.0,
        1.0
      ]
    ]
  },
  "wayp_1_7": {
    "cam_id": "wayp_1_7",
    "file_path": "./images/wayp_1_7_inpaint_0.png",
    "mask_path": "./mask/wayp_1_7_GSmask.png",
    "depth_path": "./depth/wayp_1_7_depth.png",
    "wid": 3072,
    "hei": 2048,
    "cx": 1536.0,
    "cy": 1024.0,
    "fx": 1000.0,
    "fy": 1400.0,
    "k1": 0.0,
    "k2": 0.0,
    "p1": 0.0,
    "p2": 0.0,
    "k3": 0.0,
    "k4": 0.0,
    "k5": 0.0,
    "k6": 0.0,
    "transform_matrix": [
      [
        -0.9279552568643291,
        0.04755535265860458,
        -0.3696451402242068,
        519.7318725585931
      ],
      [
        -0.3723903378396458,
        -0.07843874526897002,
        0.9247555350060386,
        635.6205478668219
      ],
      [
        0.014982574596249493,
        0.995784038672114,
        0.090496799856804,
        38.70370279947917
      ],
      [
        0.0,
        0.0,
        0.0,
        1.0
      ]
    ]
  },
  "wayp_1_8": {
    "cam_id": "wayp_1_8",
    "file_path": "./images/wayp_1_8_inpaint_0.png",
    "mask_path": "./mask/wayp_1_8_GSmask.png",
    "depth_path": "./depth/wayp_1_8_depth.png",
    "wid": 3072,
    "hei": 2048,
    "cx": 1536.0,
    "cy": 1024.0,
    "fx": 1000.0,
    "fy": 1400.0,
    "k1": 0.0,
    "k2": 0.0,
    "p1": 0.0,
    "p2": 0.0,
    "k3": 0.0,
    "k4": 0.0,
    "k5": 0.0,
    "k6": 0.0,
    "transform_matrix": [
      [
        -0.9279552568643291,
        0.04755535265860458,
        -0.3696451402242068,
        524.6714138454854
      ],
      [
        -0.3723903378396458,
        -0.07843874526897002,
        0.9247555350060386,
        630.1676282246914
      ],
      [
        0.014982574596249493,
        0.995784038672114,
        0.090496799856804,
        38.51851806640625
      ],
      [
        0.0,
        0.0,
        0.0,
        1.0
      ]
    ]
  },
  "wayp_1_9": {
    "cam_id": "wayp_1_9",
    "file_path": "./images/wayp_1_9_inpaint_0.png",
    "mask_path": "./mask/wayp_1_9_GSmask.png",
    "depth_path": "./depth/wayp_1_9_depth.png",
    "wid": 3072,
    "hei": 2048,
    "cx": 1536.0,
    "cy": 1024.0,
    "fx": 1000.0,
    "fy": 1400.0,
    "k1": 0.0,
    "k2": 0.0,
    "p1": 0.0,
    "p2": 0.0,
    "k3": 0.0,
    "k4": 0.0,
    "k5": 0.0,
    "k6": 0.0,
    "transform_matrix": [
      [
        -0.9279552568643291,
        0.04755535265860458,
        -0.3696451402242068,
        529.6038682725687
      ],
      [
        -0.3723903378396458,
        -0.07843874526897002,
        0.9247555350060386,
        624.7155942281094
      ],
      [
        0.014982574596249493,
        0.995784038672114,
        0.090496799856804,
        38.333333333333336
      ],
      [
        0.0,
        0.0,
        0.0,
        1.0
      ]
    ]
  },
  "wayp_2_0": {
    "cam_id": "wayp_2_0",
    "file_path": "./images/wayp_2_0_inpaint_0.png",
    "mask_path": "./mask/wayp_2_0_GSmask.png",
    "depth_path": "./depth/wayp_2_0_depth.png",
    "wid": 3072,
    "hei": 2048,
    "cx": 1536.0,
    "cy": 1024.0,
    "fx": 1000.0,
    "fy": 1400.0,
    "k1": 0.0,
    "k2": 0.0,
    "p1": 0.0,
    "p2": 0.0,
    "k3": 0.0,
    "k4": 0.0,
    "k5": 0.0,
    "k6": 0.0,
    "transform_matrix": [
      [
        -0.9279552568643291,
        0.04755535265860461,
        -0.3696451402242068,
        529.6038682725687
      ],
      [
        -0.3723903378396458,
        -0.07843874526897002,
        0.9247555350060386,
        624.7155942281094
      ],
      [
        0.014982574596249493,
        0.995784038672114,
        0.090496799856804,
        38.333333333333336
      ],
      [
        0.0,
        0.0,
        0.0,
        1.0
      ]
    ]
  },
  "wayp_2_1": {
    "cam_id": "wayp_2_1",
    "file_path": "./images/wayp_2_1_inpaint_0.png",
    "mask_path": "./mask/wayp_2_1_GSmask.png",
    "depth_path": "./depth/wayp_2_1_depth.png",
    "wid": 3072,
    "hei": 2048,
    "cx": 1536.0,
    "cy": 1024.0,
    "fx": 1000.0,
    "fy": 1400.0,
    "k1": 0.0,
    "k2": 0.0,
    "p1": 0.0,
    "p2": 0.0,
    "k3": 0.0,
    "k4": 0.0,
    "k5": 0.0,
    "k6": 0.0,
    "transform_matrix": [
      [
        -0.9729654203194529,
        0.03563820271949074,
        -0.22818459494346954,
        528.6825764973951
      ],
      [
        -0.23039201503159856,
        -0.08108515442888711,
        0.9697137294794396,
        620.0092737833666
      ],
      [
        0.01605647135177736,
        0.996069835020702,
        0.08710380869721798,
        36.666666666666664
      ],
      [
        0.0,
        0.0,
        0.0,
        1.0
      ]
    ]
  },
  "wayp_2_2": {
    "cam_id": "wayp_2_2",
    "file_path": "./images/wayp_2_2_inpaint_0.png",
    "mask_path": "./mask/wayp_2_2_GSmask.png",
    "depth_path": "./depth/wayp_2_2_depth.png",
    "wid": 3072,
    "hei": 2048,
    "cx": 1536.0,
    "cy": 1024.0,
    "fx": 1000.0,
    "fy": 1400.0,
    "k1": 0.0,
    "k2": 0.0,
    "p1": 0.0,
    "p2": 0.0,
    "k3": 0.0,
    "k4": 0.0,
    "k5": 0.0,
    "k6": 0.0,
    "transform_matrix": [
      [
        -0.9963876320561738,
        0.023460257622375975,
        -0.08161680585383485,
        527.7541978624125
      ],
      [
        -0.08328089231307506,
        -0.08193133571376723,
        0.9931523293048735,
        615.3029533386236
      ],
      [
        0.016612635583459205,
        0.9963618180864066,
        0.08358916077172604,
        35.0
      ],
      [
        0.0,
        0.0,
        0.0,
        1.0
      ]
    ]
  },
  "wayp_2_3": {
    "cam_id": "wayp_2_3",
    "file_path": "./images/wayp_2_3_inpaint_0.png",
    "mask_path": "./mask/wayp_2_3_GSmask.png",
    "depth_path": "./depth/wayp_2_3_depth.png",
    "wid": 3072,
    "hei": 2048,
    "cx": 1536.0,
    "cy": 1024.0,
    "fx": 1000.0,
    "fy": 1400.0,
    "k1": 0.0,
    "k2": 0.0,
    "p1": 0.0,
    "p2": 0.0,
    "k3": 0.0,
    "k4": 0.0,
    "k5": 0.0,
    "k6": 0.0,
    "transform_matrix": [
      [
        -0.9977021118220886,
        0.0112917674805922,
        0.06680562890138035,
        526.8329060872388
      ],
      [
        0.06567837463961562,
        -0.08095851086616844,
        0.9945511905493004,
        610.5966328938808
      ],
      [
        0.016638725024562467,
        0.9966535082492295,
        0.080030852326214,
        33.333333333333336
      ],
      [
        0.0,
        0.0,
        0.0,
        1.0
      ]
    ]
  },
  "wayp_2_4": {
    "cam_id": "wayp_2_4",
    "file_path": "./images/wayp_2_4_inpaint_0.png",
    "mask_path": "./mask/wayp_2_4_GSmask.png",
    "depth_path": "./depth/wayp_2_4_depth.png",
    "wid": 3072,
    "hei": 2048,
    "cx": 1536.0,
    "cy": 1024.0,
    "fx": 1000.0,
    "fy": 1400.0,
    "k1": 0.0,
    "k2": 0.0,
    "p1": 0.0,
    "p2": 0.0,
    "k3": 0.0,
    "k4": 0.0,
    "k5": 0.0,
    "k6": 0.0,
    "transform_matrix": [
      [
        -0.97687968898924,
        -0.0005972274146889139,
        0.2137889533154166,
        525.9116143120652
      ],
      [
        0.21318011656496944,
        -0.07818826858789715,
        0.9738792700106997,
        605.890312449138
      ],
      [
        0.01613416070430357,
        0.9969384323892034,
        0.07650784851063133,
        31.666666666666668
      ],
      [
        0.0,
        0.0,
        0.0,
        1.0
      ]
    ]
  },
  "wayp_2_5": {
    "cam_id": "wayp_2_5",
    "file_path": "./images/wayp_2_5_inpaint_0.png",
    "mask_path": "./mask/wayp_2_5_GSmask.png",
    "depth_path": "./depth/wayp_2_5_depth.png",
    "wid": 3072,
    "hei": 2048,
    "cx": 1536.0,
    "cy": 1024.0,
    "fx": 1000.0,
    "fy": 1400.0,
    "k1": 0.0,
    "k2": 0.0,
    "p1": 0.0,
    "p2": 0.0,
    "k3": 0.0,
    "k4": 0.0,
    "k5": 0.0,
    "k6": 0.0,
    "transform_matrix": [
      [
        -0.9343824499018789,
        -0.011942889265527806,
        0.3560713477820895,
        524.9832356770826
      ],
      [
        0.3559510092564716,
        -0.07368208544857953,
        0.9315953141215596,
        601.1848776499437
      ],
      [
        0.015110139796232408,
        0.9972102675363603,
        0.07309833100282619,
        30.0
      ],
      [
        0.0,
        0.0,
        0.0,
        1.0
      ]
    ]
  },
  "wayp_2_6": {
    "cam_id": "wayp_2_6",
    "file_path": "./images/wayp_2_6_inpaint_0.png",
    "mask_path": "./mask/wayp_2_6_GSmask.png",
    "depth_path": "./depth/wayp_2_6_depth.png",
    "wid": 3072,
    "hei": 2048,
    "cx": 1536.0,
    "cy": 1024.0,
    "fx": 1000.0,
    "fy": 1400.0,
    "k1": 0.0,
    "k2": 0.0,
    "p1": 0.0,
    "p2": 0.0,
    "k3": 0.0,
    "k4": 0.0,
    "k5": 0.0,
    "k6": 0.0,
    "transform_matrix": [
      [
        -0.87115348336424,
        -0.02249343779400681,
        0.49049531463466434,
        524.061943901909
      ],
      [
        0.4908227144088749,
        -0.06753996161198514,
        0.8686376785551938,
        596.4785572052008
      ],
      [
        0.013589387133172065,
        0.997462981188605,
        0.06987796301900942,
        28.333333333333332
      ],
      [
        0.0,
        0.0,
        0.0,
        1.0
      ]
    ]
  },
  "wayp_2_7": {
    "cam_id": "wayp_2_7",
    "file_path": "./images/wayp_2_7_inpaint_0.png",
    "mask_path": "./mask/wayp_2_7_GSmask.png",
    "depth_path": "./depth/wayp_2_7_depth.png",
    "wid": 3072,
    "hei": 2048,
    "cx": 1536.0,
    "cy": 1024.0,
    "fx": 1000.0,
    "fy": 1400.0,
    "k1": 0.0,
    "k2": 0.0,
    "p1": 0.0,
    "p2": 0.0,
    "k3": 0.0,
    "k4": 0.0,
    "k5": 0.0,
    "k6": 0.0,
    "transform_matrix": [
      [
        -0.78859595183406,
        -0.03201473769135271,
        0.6140777485966147,
        523.1406521267354
      ],
      [
        0.6148021906418764,
        -0.059898201655750424,
        0.7864035044557961,
        591.772236760458
      ],
      [
        0.01160565090303639,
        0.9976909651835889,
        0.06691821021333368,
        26.666666666666668
      ],
      [
        0.0,
        0.0,
        0.0,
        1.0
      ]
    ]
  },
  "wayp_2_8": {
    "cam_id": "wayp_2_8",
    "file_path": "./images/wayp_2_8_inpaint_0.png",
    "mask_path": "./mask/wayp_2_8_GSmask.png",
    "depth_path": "./depth/wayp_2_8_depth.png",
    "wid": 3072,
    "hei": 2048,
    "cx": 1536.0,
    "cy": 1024.0,
    "fx": 1000.0,
    "fy": 1400.0,
    "k1": 0.0,
    "k2": 0.0,
    "p1": 0.0,
    "p2": 0.0,
    "k3": 0.0,
    "k4": 0.0,
    "k5": 0.0,
    "k6": 0.0,
    "transform_matrix": [
      [
        -0.6885419527690392,
        -0.0402954944940247,
        0.7240761371571917,
        522.2122734917529
      ],
      [
        0.7251381143753804,
        -0.050926389732025776,
        0.6867177134084861,
        587.0659163157152
      ],
      [
        0.009202953716926032,
        0.9978891601537438,
        0.06428475472878671,
        25.0
      ],
      [
        0.0,
        0.0,
        0.0,
        1.0
      ]
    ]
  },
  "wayp_2_9": {
    "cam_id": "wayp_2_9",
    "file_path": "./images/wayp_2_9_inpaint_0.png",
    "mask_path": "./mask/wayp_2_9_GSmask.png",
    "depth_path": "./depth/wayp_2_9_depth.png",
    "wid": 3072,
    "hei": 2048,
    "cx": 1536.0,
    "cy": 1024.0,
    "fx": 1000.0,
    "fy": 1400.0,
    "k1": 0.0,
    "k2": 0.0,
    "p1": 0.0,
    "p2": 0.0,
    "k3": 0.0,
    "k4": 0.0,
    "k5": 0.0,
    "k6": 0.0,
    "transform_matrix": [
      [
        -0.5732118611479624,
        -0.04715194358109959,
        0.8180494217685226,
        521.2909817165792
      ],
      [
        0.819381936559791,
        -0.04082362619557918,
        0.5717925092057173,
        582.3595958709723
      ],
      [
        0.006434615669624499,
        0.9980531678025818,
        0.062036037594416046,
        23.333333333333332
      ],
      [
        0.0,
        0.0,
        0.0,
        1.0
      ]
    ]
  },
  "wayp_3_0": {
    "cam_id": "wayp_3_0",
    "file_path": "./images/wayp_3_0_inpaint_0.png",
    "mask_path": "./mask/wayp_3_0_GSmask.png",
    "depth_path": "./depth/wayp_3_0_depth.png",
    "wid": 3072,
    "hei": 2048,
    "cx": 1536.0,
    "cy": 1024.0,
    "fx": 1000.0,
    "fy": 1400.0,
    "k1": 0.0,
    "k2": 0.0,
    "p1": 0.0,
    "p2": 0.0,
    "k3": 0.0,
    "k4": 0.0,
    "k5": 0.0,
    "k6": 0.0,
    "transform_matrix": [
      [
        -0.5732118611479624,
        -0.04715194358109959,
        0.8180494217685224,
        521.2909817165792
      ],
      [
        0.819381936559791,
        -0.04082362619557922,
        0.5717925092057174,
        582.3595958709723
      ],
      [
        0.006434615669624555,
        0.9980531678025817,
        0.062036037594416005,
        23.333333333333332
      ],
      [
        0.0,
        0.0,
        0.0,
        1.0
      ]
    ]
  },
  "wayp_3_1": {
    "cam_id": "wayp_3_1",
    "file_path": "./images/wayp_3_1_inpaint_0.png",
    "mask_path": "./mask/wayp_3_1_GSmask.png",
    "depth_path": "./depth/wayp_3_1_depth.png",
    "wid": 3072,
    "hei": 2048,
    "cx": 1536.0,
    "cy": 1024.0,
    "fx": 1000.0,
    "fy": 1400.0,
    "k1": 0.0,
    "k2": 0.0,
    "p1": 0.0,
    "p2": 0.0,
    "k3": 0.0,
    "k4": 0.0,
    "k5": 0.0,
    "k6": 0.0,
    "transform_matrix": [
      [
        -0.5732118611479624,
        -0.04715194358109959,
        0.8180494217685224,
        518.406629774305
      ],
      [
        0.819381936559791,
        -0.04082362619557922,
        0.5717925092057174,
        581.8034104665127
      ],
      [
        0.006434615669624555,
        0.9980531678025817,
        0.062036037594416005,
        22.824560546875
      ],
      [
        0.0,
        0.0,
        0.0,
        1.0
      ]
    ]
  },
  "wayp_3_2": {
    "cam_id": "wayp_3_2",
    "file_path": "./images/wayp_3_2_inpaint_0.png",
    "mask_path": "./mask/wayp_3_2_GSmask.png",
    "depth_path": "./depth/wayp_3_2_depth.png",
    "wid": 3072,
    "hei": 2048,
    "cx": 1536.0,
    "cy": 1024.0,
    "fx": 1000.0,
    "fy": 1400.0,
    "k1": 0.0,
    "k2": 0.0,
    "p1": 0.0,
    "p2": 0.0,
    "k3": 0.0,
    "k4": 0.0,
    "k5": 0.0,
    "k6": 0.0,
    "transform_matrix": [
      [
        -0.5732118611479624,
        -0.04715194358109959,
        0.8180494217685224,
        515.5293646918396
      ],
      [
        0.819381936559791,
        -0.04082362619557922,
        0.5717925092057174,
        581.2472250620531
      ],
      [
        0.006434615669624555,
        0.9980531678025817,
        0.062036037594416005,
        22.315789794921876
      ],
      [
        0.0,
        0.0,
        0.0,
        1.0
      ]
    ]
  },
  "wayp_3_3": {
    "cam_id": "wayp_3_3",
    "file_path": "./images/wayp_3_3_inpaint_0.png",
    "mask_path": "./mask/wayp_3_3_GSmask.png",
    "depth_path": "./depth/wayp_3_3_depth.png",
    "wid": 3072,
    "hei": 2048,
    "cx": 1536.0,
    "cy": 1024.0,
    "fx": 1000.0,
    "fy": 1400.0,
    "k1": 0.0,
    "k2": 0.0,
    "p1": 0.0,
    "p2": 0.0,
    "k3": 0.0,
    "k4": 0.0,
    "k5": 0.0,
    "k6": 0.0,
    "transform_matrix": [
      [
        -0.5732118611479624,
        -0.04715194358109959,
        0.8180494217685224,
        512.6450127495654
      ],
      [
        0.819381936559791,
        -0.04082362619557922,
        0.5717925092057174,
        580.6910396575934
      ],
      [
        0.006434615669624555,
        0.9980531678025817,
        0.062036037594416005,
        21.807017008463543
      ],
      [
        0.0,
        0.0,
        0.0,
        1.0
      ]
    ]
  },
  "wayp_3_4": {
    "cam_id": "wayp_3_4",
    "file_path": "./images/wayp_3_4_inpaint_0.png",
