{
    "118_28-SCHILTBIR_0": {
    "_comment": "[7.858230113983154, 46.56235122680664, 2690.0",
    "cam_id": "118_28-SCHILTBIR_0",
    "file_path": "./seasonScapes/data/2024-07-12/12-00-00/imagesPlane/118_28-SCHILTBIR_0.jpg",
    "wid": 3072.0,
    "hei": 2048.0,    
    "cx": 1536.0,
    "cy": 1024.0,
    "transform_matrix": [
      [
        0.9998092651367188,
        -0.0174831822514534,
        0.008704030886292458,
        7.858230113983154
      ],
      [
        0.008326980285346508,
        -0.021524712443351746,
        -0.9997336268424988,
        46.56235122680664
      ],
      [
        0.01766587793827057,
        0.9996154308319092,
        -0.021375024691224098,
        2690.0
      ],
      [
        0.0,
        0.0,
        0.0,
        1.0
      ]
    ],
    "fx": 1747.4482421875,
    "fy": 2280.01708984375,
    "k1": 0.0,
    "k2": 0.0,
    "p1": 0.0,
    "p2": 0.0,
    "k3": 0.0,
    "k4": 0.0,
    "k5": 0.0,
    "k6": 0.0
  },
    "119_28-SCHILTBIR_1": {
        "tilt_angle": 0.0,
        "camera_angle_hei": 1.0960667702524387,
        "nbr_frames": 4.0,
        "hei": 2048.0,
        "camera_angle_wid_img": 1.7920290839899442,
        "overlapPix_wid_img": 506.0,
        "degPerPix_wid_img": 0.03342308049391886,
        "camera_angle_wid_pano": 6.283185307179586,
        "cx": 1536.0,
        "cy": 1024.0,
        "wid": 3072.0,
        "file_path": "./seasonScapes/data/2024-07-12/12-00-00/imagesPlane/119_28-SCHILTBIR_1.jpg",
        "transform_matrix": [
            [
                0.11023520678281784,
                -0.03044041059911251,
                -0.993439257144928,
                7.858230113983154
            ],
            [
                -0.9938840270042419,
                -0.00995094794780016,
                -0.10997964441776276,
                46.56235122680664
            ],
            [
                -0.0065378365106880665,
                0.999487042427063,
                -0.031351182609796524,
                2690.0
            ],
            [
                0.0,
                0.0,
                0.0,
                1.0
            ]
        ],
        "fx": 891.923095703125,
        "fy": 1586.6566162109375,
        "k1": 0.0,
        "k2": 0.0,
        "p1": 0.0,
        "p2": 0.0,
        "k3": 0.0,
        "k4": 0.0,
        "k5": 0.0,
        "k6": 0.0
    },
  "55_13-GRINDBUS_0": {
      "_comment": "[7.991302967071533, 46.64944076538086, 1810.0",
      "cam_id": "55_13-GRINDBUS_0",
      "file_path": "./seasonScapes/data/2024-07-12/12-00-00/imagesPlane/55_13-GRINDBUS_0.jpg",
      "tilt_angle": 0.008726646259971648,
      "camera_angle_hei": 1.0960667702524387,
      "nbr_frames": 4.0,
      "hei": 2048.0,
      "camera_angle_wid_img": 1.7920290839899442,
      "overlapPix_wid_img": 506.0,
      "degPerPix_wid_img": 0.03342308049391886,
      "camera_angle_wid_pano": 6.283185307179586,
      "cx": 1536.0,
      "cy": 1024.0,
      "wid": 3072.0,
      "transform_matrix": [
        [
          0.20316150784492493,
          -0.01713498681783676,
          -0.9789953231811523,
          7.991302967071533
        ],
        [
          -0.9791350364685059,
          -0.008126773871481419,
          -0.20304825901985168,
          46.64944076538086
        ],
        [
          -0.00447684433311224,
          0.9998201727867126,
          -0.018428511917591095,
          1810.0
        ],
        [ 
          0.0,
          0.0,
          0.0,
          1.0
        ]
      ],
    "fx": 863.7032470703125,
    "fy": 1516.0155029296875,
    "k1": 0.0,
    "k2": 0.0,
    "p1": 0.0,
    "p2": 0.0,
    "k3": 0.0,
    "k4": 0.0,
    "k5": 0.0,
    "k6": 0.0
  },
  "94_22-JUNGFEIG_2": {
      "_comment": "[7.9752092361450195, 46.57569885253906, 2349.0",
      "cam_id": "94_22-JUNGFEIG_2",
      "hei": 2048.0,
      "cx": 1536.0,
      "cy": 1024.0,
      "wid": 3072.0,
      "file_path": "./seasonScapes/data/2024-07-12/12-00-00/imagesPlane/94_22-JUNGFEIG_2.jpg",
      "transform_matrix": [
          [
            -0.4344962537288666,
            -0.036996517330408096,
            0.899913489818573,
            7.9752092361450195
          ],
          [
            0.9005566835403442,
            -0.0017424366669729352,
            0.43473517894744873,
            46.57569885253906
          ],
          [
            -0.014515645802021027,
            0.9993138909339905,
            0.03407454490661621,
            2349.0
          ],
          [
            0.0,
            0.0,
            0.0,
            1.0
          ]
      ],
      "fx": 829.6131591796875,
      "fy": 1291.373291015625,
      "k1": 0.0,
      "k2": 0.0,
      "p1": 0.0,
      "p2": 0.0,
      "k3": 0.0,
      "k4": 0.0,
      "k5": 0.0,
      "k6": 0.0
  },
  "102_24-JUNGFJ_2": {
    "_comment": "[7.980860233306885, 46.54737854003906, 3483.0",
    "cam_id": "102_24-JUNGFJ_2",
    "hei": 2048.0,
    "cx": 1536.0,
    "cy": 1024.0,
    "wid": 3072.0,
    "file_path": "./seasonScapes/data/2024-07-12/12-00-00/imagesPlane/102_24-JUNGFJ_2.jpg",
    "transform_matrix": [
        [
            0.6322142481803894,
            0.012086352333426476,
            -0.774699330329895,
            7.980860233306885
        ],
        [
            -0.7747933864593506,
            0.010628209449350834,
            -0.632125198841095,
            46.54737854003906
        ],
        [
            0.0005935790832154453,
            0.9998704791069031,
            0.0160837322473526,
            3483.0
        ],
        [
            0.0,
            0.0,
            0.0,
            1.0
        ]
    ],
    "fx": 1329.521728515625,
    "fy": 2292.696533203125,
    "k1": 0.0,
    "k2": 0.0,
    "p1": 0.0,
    "p2": 0.0,
    "k3": 0.0,
    "k4": 0.0,
    "k5": 0.0,
    "k6": 0.0
  },
  "79_18-GRINDMEGI_3": {
    "_comment": "[8.02258014678955, 46.58341979980469, 3362.0",
    "cam_id": "79_18-GRINDMEGI_3",
    "file_path": "./seasonScapes/data/2024-07-12/12-00-00/imagesPlane/79_18-GRINDMEGI_3.jpg",
    "wid": 3072.0,
    "hei": 2048.0,    
    "cx": 1536.0,
    "cy": 1024.0,
    "transform_matrix": [
      [
        -0.9517658948898315,
        0.0054026017896831036,
        -0.30677762627601624,
        8.02258014678955
      ],
      [
        -0.3065164089202881,
        -0.06158819794654846,
        0.9498708248138428,
        46.58341979980469
      ],
      [
        -0.01376210805028677,
        0.9980870485305786,
        0.06027353182435036,
        3362.0
      ],
      [
        0.0,
        0.0,
        0.0,
        1.0
      ]
    ],
    "fx": 1533.167236328125,
    "fy": 2143.935791015625,
    "k1": 0.0,
    "k2": 0.0,
    "p1": 0.0,
    "p2": 0.0,
    "k3": 0.0,
    "k4": 0.0,
    "k5": 0.0,
    "k6": 0.0
  },
  "91_21-JUNGFLAUB_3": {
    "_comment": "[7.94704008102417, 46.58652114868164, 2324.0",
    "cam_id": "91_21-JUNGFLAUB_3",
    "file_path": "./seasonScapes/data/2024-07-12/12-00-00/imagesPlane/91_21-JUNGFLAUB_3.jpg",
    "wid": 3072.0,
    "hei": 2048.0,    
    "cx": 1536.0,
    "cy": 1024.0,
    "transform_matrix": [
      [
        -0.4123198390007019,
        -0.029980001971125603,
        0.9105457663536072,
        7.94704008102417
      ],
      [
        0.9110259413719177,
        -0.01895762048661709,
        0.41191309690475464,
        46.58652114868164
      ],
      [
        0.004912625066936016,
        0.9993706941604614,
        0.03512916341423988,
        2324.0
      ],
      [
        0.0,
        0.0,
        0.0,
        1.0
      ]
    ],
    "fx": 892.7946166992188,
    "fy": 1569.653564453125,
    "k1": 0.0,
    "k2": 0.0,
    "p1": 0.0,
    "p2": 0.0,
    "k3": 0.0,
    "k4": 0.0,
    "k5": 0.0,
    "k6": 0.0
  },
    "106_25-JUNGFOST_2": {
        "tilt_angle": -0.054105206811824215,
        "camera_angle_hei": 0.8185594191853405,
        "nbr_frames": 4.0,
        "hei": 2048.0,
        "camera_angle_wid_img": 1.0141837570226822,
        "overlapPix_wid_img": 925.0,
        "degPerPix_wid_img": 0.018915510718789406,
        "camera_angle_wid_pano": 3.141592653589793,
        "cx": 1536.0,
        "cy": 955.0,
        "wid": 3072.0,
        "file_path": "./seasonScapes/data/2024-07-12/12-00-00/imagesPlane/106_25-JUNGFOST_2.jpg",
        "transform_matrix": [
            [
                0.9404898285865784,
                -0.008260669186711311,
                0.33972135186195374,
                7.97150993347168
            ],
            [
                0.33968788385391235,
                0.05091157928109169,
                -0.9391592741012573,
                46.54541015625
            ],
            [
                -0.009537666104733944,
                0.9986690282821655,
                0.05068787559866905,
                3697.0
            ],
            [
                0.0,
                0.0,
                0.0,
                1.0
            ]
        ],
        "fx": 2756.750244140625,
        "fy": 2894.503662109375,
        "k1": 0.0,
        "k2": 0.0,
        "p1": 0.0,
        "p2": 0.0,
        "k3": 0.0,
        "k4": 0.0,
        "k5": 0.0,
        "k6": 0.0
    },
    "107_25-JUNGFOST_3": {
        "tilt_angle": -0.054105206811824215,
        "camera_angle_hei": 0.8185594191853405,
        "nbr_frames": 4.0,
        "hei": 2048.0,
        "camera_angle_wid_img": 1.0141837570226822,
        "overlapPix_wid_img": 925.0,
        "degPerPix_wid_img": 0.018915510718789406,
        "camera_angle_wid_pano": 3.141592653589793,
        "cx": 1536.0,
        "cy": 955.0,
        "wid": 3072.0,
        "file_path": "./seasonScapes/data/2024-07-12/12-00-00/imagesPlane/107_25-JUNGFOST_3.jpg",
        "transform_matrix": [
            [
                0.9529277086257935,
                0.03499554842710495,
                -0.30117112398147583,
                7.97150993347168
            ],
            [
                -0.3025471270084381,
                0.04472498223185539,
                -0.9520845413208008,
                46.54541015625
            ],
            [
                -0.01984884776175022,
                0.9983862042427063,
                0.053207479417324066,
                3697.0
            ],
            [
                0.0,
                0.0,
                0.0,
                1.0
            ]
        ],
        "fx": 2630.78515625,
        "fy": 3300.89990234375,
        "k1": 0.0,
        "k2": 0.0,
        "p1": 0.0,
        "p2": 0.0,
        "k3": 0.0,
        "k4": 0.0,
        "k5": 0.0,
        "k6": 0.0
    },
    "127_30-BRROTHG_1": {
        "tilt_angle": 0.0,
        "camera_angle_hei": 1.0960667702524387,
        "nbr_frames": 4.0,
        "hei": 2048.0,
        "camera_angle_wid_img": 1.5155421846463324,
        "overlapPix_wid_img": 913.0,
        "degPerPix_wid_img": 0.028266331658291458,
        "camera_angle_wid_pano": 4.71238898038469,
        "cx": 1536.0,
        "cy": 1024.0,
        "wid": 3072.0,
        "file_path": "./seasonScapes/data/2024-07-12/12-00-00/imagesPlane/127_30-BRROTHG_1.jpg",
        "transform_matrix": [
            [
                -0.9994003176689148,
                -0.007764484733343124,
                -0.0337454229593277,
                8.04450511932373
            ],
            [
                -0.03343452140688896,
                -0.03718609735369682,
                0.9987488985061646,
                46.78723907470703
            ],
            [
                -0.009009630419313908,
                0.99927818775177,
                0.036904193460941315,
                2295.0
            ],
            [
                0.0,
                0.0,
                0.0,
                1.0
            ]
        ],
        "fx": 1903.6043701171875,
        "fy": 1982.9140625,
        "k1": 0.0,
        "k2": 0.0,
        "p1": 0.0,
        "p2": 0.0,
        "k3": 0.0,
        "k4": 0.0,
        "k5": 0.0,
        "k6": 0.0
    },
    "126_30-BRROTHG_0": {
        "tilt_angle": 0.0,
        "camera_angle_hei": 1.0960667702524387,
        "nbr_frames": 4.0,
        "hei": 2048.0,
        "camera_angle_wid_img": 1.5155421846463324,
        "overlapPix_wid_img": 913.0,
        "degPerPix_wid_img": 0.028266331658291458,
        "camera_angle_wid_pano": 4.71238898038469,
        "cx": 1536.0,
        "cy": 1024.0,
        "wid": 3072.0,
        "file_path": "./seasonScapes/data/2024-07-12/12-00-00/imagesPlane/126_30-BRROTHG_0.jpg",
        "transform_matrix": [
            [
                -0.3857879936695099,
                0.021175794303417206,
                -0.9223443865776062,
                8.04450511932373
            ],
            [
                -0.9225203394889832,
                -0.020912369713187218,
                0.3853814899921417,
                46.78723907470703
            ],
            [
                -0.011127648875117302,
                0.9995570182800293,
                0.027602842077612877,
                2295.0
            ],
            [
                0.0,
                0.0,
                0.0,
                1.0
            ]
        ],
        "fx": 1209.5455322265625,
        "fy": 1626.9989013671875,
        "k1": 0.0,
        "k2": 0.0,
        "p1": 0.0,
        "p2": 0.0,
        "k3": 0.0,
        "k4": 0.0,
        "k5": 0.0,
        "k6": 0.0
    },
    "122_29-HARDKULM_0": {
        "tilt_angle": -0.08726646259971647,
        "camera_angle_hei": 1.1519173063162575,
        "nbr_frames": 4.0,
        "hei": 2048.0,
        "camera_angle_wid_img": 1.6950860862084562,
        "overlapPix_wid_img": 301.0,
        "degPerPix_wid_img": 0.03161499956090279,
        "camera_angle_wid_pano": 6.283185307179586,
        "cx": 1536.0,
        "cy": 972.0,
        "wid": 3072.0,
        "file_path": "./seasonScapes/data/2024-07-12/12-00-00/imagesPlane/122_29-HARDKULM_0.jpg",
        "transform_matrix": [
            [
                0.9703184962272644,
                0.015170721337199211,
                -0.24135428667068481,
                7.851583003997803
            ],
            [
                -0.24181441962718964,
                0.04931902140378952,
                -0.9690683484077454,
                46.69731521606445
            ],
            [
                -0.002798108384013176,
                0.99866783618927,
                0.05152365565299988,
                1324.0
            ],
            [
                0.0,
                0.0,
                0.0,
                1.0
            ]
        ],
        "fx": 1796.5557861328125,
        "fy": 2156.6015625,
        "k1": 0.0,
        "k2": 0.0,
        "p1": 0.0,
        "p2": 0.0,
        "k3": 0.0,
        "k4": 0.0,
        "k5": 0.0,
        "k6": 0.0
    },
    "123_29-HARDKULM_1": {
        "tilt_angle": -0.08726646259971647,
        "camera_angle_hei": 1.1519173063162575,
        "nbr_frames": 4.0,
        "hei": 2048.0,
        "camera_angle_wid_img": 1.6950860862084562,
        "overlapPix_wid_img": 301.0,
        "degPerPix_wid_img": 0.03161499956090279,
        "camera_angle_wid_pano": 6.283185307179586,
        "cx": 1536.0,
        "cy": 972.0,
        "wid": 3072.0,
        "file_path": "./seasonScapes/data/2024-07-12/12-00-00/imagesPlane/123_29-HARDKULM_1.jpg",
        "transform_matrix": [
            [
                -0.28379055857658386,
                0.06132456287741661,
                -0.9569233059883118,
                7.851583003997803
            ],
            [
                -0.9586805701255798,
                -0.038814760744571686,
                0.2818242907524109,
                46.69731521606445
            ],
            [
                -0.019859997555613518,
                0.9973628520965576,
                0.06980593502521515,
                1324.0
            ],
            [
                0.0,
                0.0,
                0.0,
                1.0
            ]
        ],
        "fx": 983.3505859375,
        "fy": 1612.33544921875,
        "k1": 0.0,
        "k2": 0.0,
        "p1": 0.0,
        "p2": 0.0,
        "k3": 0.0,
        "k4": 0.0,
        "k5": 0.0,
        "k6": 0.0
    },
  "59_14-SCHYNIGE_0": {
          "tilt_angle": 0.061086523819801536,
          "camera_angle_hei": 0.9075712110370514,
          "nbr_frames": 5.0,
          "hei": 2048.0,
          "camera_angle_wid_img": 1.3703901500643016,
          "overlapPix_wid_img": 319.0,
          "degPerPix_wid_img": 0.025559105431309903,
          "camera_angle_wid_pano": 6.283185307179586,
          "cx": 1536.0,
          "cy": 1059.0,
          "wid": 3072.0,
          "file_path": "./seasonScapes/data/2024-07-12/12-00-00/imagesPlane/59_14-SCHYNIGE_0.jpg",
          "transform_matrix": [
              [
                  0.8479142189025879,
                  -0.04119029641151428,
                  -0.5285308361053467,
                  7.909273147583008
              ],
              [
                  -0.530096709728241,
                  -0.054140083491802216,
                  -0.8462070226669312,
                  46.650943756103516
              ],
              [
                  0.006240814924240112,
                  0.9976834058761597,
                  -0.06774099171161652,
                  1984.0
              ],
              [
                  0.0,
                  0.0,
                  0.0,
                  1.0
              ]
          ],
          "fx": 2217.18505859375,
          "fy": 2908.2373046875,
          "k1": 0.0,
          "k2": 0.0,
          "p1": 0.0,
          "p2": 0.0,
          "k3": 0.0,
          "k4": 0.0,
          "k5": 0.0,
          "k6": 0.0
  }
}