{
  "55_13-GRINDBUS_0": {
      "_comment": "[7.991302967071533, 46.64944076538086, 1810.0",
      "cam_id": "55_13-GRINDBUS_0",
      "file_path": "./seasonScapes/data/2024-10-09/12-00-00/imagesPlane/55_13-GRINDBUS_0.jpg",
      "tilt_angle": 0.008726646259971648,
      "camera_angle_hei": 1.0960667702524387,
      "nbr_frames": 4.0,
      "hei": 2048.0,
      "camera_angle_wid_img": 1.7920290839899442,
      "overlapPix_wid_img": 506.0,
      "degPerPix_wid_img": 0.03342308049391886,
      "camera_angle_wid_pano": 6.283185307179586,
      "cx": 1536.0,
      "cy": 1024.0,
      "wid": 3072.0,
      "transform_matrix": [
        [
          0.20316150784492493,
          -0.01713498681783676,
          -0.9789953231811523,
          7.991302967071533
        ],
        [
          -0.9791350364685059,
          -0.008126773871481419,
          -0.20304825901985168,
          46.64944076538086
        ],
        [
          -0.00447684433311224,
          0.9998201727867126,
          -0.018428511917591095,
          1810.0
        ],
        [
          0.0,
          0.0,
          0.0,
          1.0
        ]
      ],
    "fx": 863.7032470703125,
    "fy": 1516.0155029296875,
    "k1": 0.0,
    "k2": 0.0,
    "p1": 0.0,
    "p2": 0.0,
    "k3": 0.0,
    "k4": 0.0,
    "k5": 0.0,
    "k6": 0.0
  },
  "69_16-GRINDBEL_1": {
    "_comment": "[8.029475212097168, 46.62504577636719, 1041.0",
    "cam_id": "69_16-GRINDBEL_1",
    "file_path": "./seasonScapes/data/2024-10-09/12-00-00/imagesPlane/69_16-GRINDBEL_1.jpg",
    "wid": 3072.0,
    "hei": 2048.0,    
    "cx": 1536.0,
    "cy": 1024.0,
    "transform_matrix": [
      [
        -0.20116043090820312,
        -0.1551840752363205,
        -0.9671878814697266,
        8.029475212097168
      ],
      [
        -0.9795024991035461,
        0.02132902853190899,
        0.200299471616745,
        46.62504577636719
      ],
      [
        -0.010454109869897366,
        0.9876552820205688,
        -0.15629374980926514,
        1041.0
      ],
      [
        0.0,
        0.0,
        0.0,
        1.0
      ]
    ],
  "fx": 928.5267333984375,
  "fy": 1629.599365234375,
  "k1": 0.0,
  "k2": 0.0,
  "p1": 0.0,
  "p2": 0.0,
  "k3": 0.0,
  "k4": 0.0,
  "k5": 0.0,
  "k6": 0.0
  },
  "70_16-GRINDBEL_2": {
    "_comment": "[8.029475212097168, 46.62504577636719, 1041.0",
    "cam_id": "70_16-GRINDBEL_2",
    "file_path": "./seasonScapes/data/2024-10-09/12-00-00/imagesPlane/70_16-GRINDBEL_2.jpg",
    "wid": 3072.0,
    "hei": 2048.0,    
    "cx": 1536.0,
    "cy": 1024.0,
    "transform_matrix": [
      [
        -0.9964245557785034,
        -0.00209874683059752,
        0.08446141332387924,
        8.029475212097168
      ],
      [
        0.08397441357374191,
        0.08540371805429459,
        0.9928013682365417,
        46.62504577636719
      ],
      [
        -0.009296957403421402,
        0.9963442087173462,
        -0.08492211997509003,
        1041.0
      ],
      [
        0.0,
        0.0,
        0.0,
        1.0
      ]
    ],
  "fx": 1812.0361328125,
  "fy": 1970.7550048828125,
  "k1": 0.0,
  "k2": 0.0,
  "p1": 0.0,
  "p2": 0.0,
  "k3": 0.0,
  "k4": 0.0,
  "k5": 0.0,
  "k6": 0.0
  },
  "71_16-GRINDBEL_3": {
      "tilt_angle": 0.07853981633974483,
      "camera_angle_hei": 1.0960667702524387,
      "nbr_frames": 4.0,
      "hei": 2048.0,
      "camera_angle_wid_img": 1.7920290839899442,
      "overlapPix_wid_img": 506.0,
      "degPerPix_wid_img": 0.03342308049391886,
      "camera_angle_wid_pano": 6.283185307179586,
      "cx": 1536.0,
      "cy": 1024.0,
      "wid": 3072.0,
      "file_path": "data/2024-10-09/12-00-00/imagesPlane/71_16-GRINDBEL_3.jpg",
      "transform_matrix": [
          [
              0.035813286900520325,
              0.1217665746808052,
              0.9919124245643616,
              8.029475212097168
          ],
          [
              0.9991047382354736,
              0.018002446740865707,
              -0.03828293830156326,
              46.62504577636719
          ],
          [
              -0.02251843363046646,
              0.9923955202102661,
              -0.12101283669471741,
              1041.0
          ],
          [
              0.0,
              0.0,
              0.0,
              1.0
          ]
      ],
      "fx": 861.1074829101562,
      "fy": 1662.979736328125,
      "k1": 0.0,
      "k2": 0.0,
      "p1": 0.0,
      "p2": 0.0,
      "k3": 0.0,
      "k4": 0.0,
      "k5": 0.0,
      "k6": 0.0
  }
}