{
  "1-HEISCH": {
    "camera_angle_hei": 0.7923794804054255,
    "nbr_frames": 6.0,
    "hei": 2048.0,
    "camera_angle_wid_img": 1.2309914071208985,
    "overlapPix_wid_img": 551.0,
    "degPerPix_wid_img": 0.02295918367346939,
    "cx": 1536.0,
    "cy": 1024.0,
    "wid": 3072.0,
    "wid_pano": 15680.0,
    "pixel_north_pano": 6280.0,
    "camera_angle_wid_pano": 6.283185307179586,
    "fphi_pano": 2495.549507680919,
    "fy_pano": 2447.9507962958514,
    "cx_pano": 7840.0,
    "cy_pano": 1023.9999999999999,
    "0_1-HEISCH_0": {
      "file_path": "data/2024-10-09/12-00-00/imagesPlane/0_1-HEISCH_0.jpg",
      "width": 3072.0,
      "height": 2047.0,
      "fx": 2024.9,
      "fy": 2725.9,
      "k1": 0.0,
      "k2": 0.0,
      "p1": 0.0,
      "p2": 0.0,
      "k3": 0.0,
      "k4": 0.0,
      "k5": 0.0,
      "k6": 0.0,
      "transform_matrix": [
        [
          -0.7760464070665459,
          0.00220146939975685,
          -0.6306719651384438,
          7.693407
        ],
        [
          -0.6306758074312859,
          -0.0027089074891065226,
          0.7760416791262637,
          46.749611
        ],
        [
          -7.216449660063518e-16,
          0.9999939076577902,
          0.003490651415223693,
          1131.5
        ],
        [
          0.0,
          0.0,
          0.0,
          1.0
        ]
      ]
    },
    "1_1-HEISCH_1": {
      "file_path": "data/2024-10-09/12-00-00/imagesPlane/1_1-HEISCH_1.jpg",
      "width": 3072.0,
      "height": 2047.0,
      "fx": 2123.2,
      "fy": 2725.9,
      "k1": 0.0,
      "k2": 0.0,
      "p1": 0.0,
      "p2": 0.0,
      "k3": 0.0,
      "k4": 0.0,
      "k5": 0.0,
      "k6": 0.0,
      "transform_matrix": [
        [
          -0.9626917464264788,
          -0.000944571829706059,
          0.2705987973853446,
          7.693407
        ],
        [
          0.2706004459758635,
          -0.0033604213070877673,
          0.9626858813789172,
          46.749611
        ],
        [
          -2.220446049250313e-16,
          0.9999939076577904,
          0.0034906514152237902,
          1131.5
        ],
        [
          0.0,
          0.0,
          0.0,
          1.0
        ]
      ]
    },
    "2_1-HEISCH_2": {
      "file_path": "data/2024-10-09/12-00-00/imagesPlane/2_1-HEISCH_2.jpg",
      "width": 3072.0,
      "height": 2047.0,
      "fx": 2057.8,
      "fy": 2725.9,
      "k1": 0.0,
      "k2": 0.0,
      "p1": 0.0,
      "p2": 0.0,
      "k3": 0.0,
      "k4": 0.0,
      "k5": 0.0,
      "k6": 0.0,
      "transform_matrix": [
        [
          -0.2317479034941573,
          -0.003395621495967005,
          0.9727699517258532,
          7.693407
        ],
        [
          0.9727758782093965,
          -0.0008089511473070576,
          0.23174649160662292,
          46.749611
        ],
        [
          5.551115123125783e-17,
          0.9999939076577904,
          0.0034906514152237,
          1131.5
        ],
        [
          0.0,
          0.0,
          0.0,
          1.0
        ]
      ]
    },
    "3_1-HEISCH_3": {
      "file_path": "data/2024-10-09/12-00-00/imagesPlane/3_1-HEISCH_3.jpg",
      "width": 3072.0,
      "height": 2047.0,
      "fx": 2172.2,
      "fy": 2725.9,
      "k1": 0.0,
      "k2": 0.0,
      "p1": 0.0,
      "p2": 0.0,
      "k3": 0.0,
      "k4": 0.0,
      "k5": 0.0,
      "k6": 0.0,
      "transform_matrix": [
        [
          0.6306758074312862,
          -0.0027089074891059606,
          0.7760416791262635,
          7.693407
        ],
        [
          0.7760464070665458,
          0.00220146939975735,
          -0.630671965138444,
          46.749611
        ],
        [
          -1.1102230246251565e-16,
          0.9999939076577904,
          0.003490651415223589,
          1131.5
        ],
        [
          0.0,
          0.0,
          0.0,
          1.0
        ]
      ]
    },
    "4_1-HEISCH_4": {
      "file_path": "data/2024-10-09/12-00-00/imagesPlane/4_1-HEISCH_4.jpg",
      "width": 3072.0,
      "height": 2047.0,
      "fx": 2352.0,
      "fy": 2791.3,
      "k1": 0.0,
      "k2": 0.0,
      "p1": 0.0,
      "p2": 0.0,
      "k3": 0.0,
      "k4": 0.0,
      "k5": 0.0,
      "k6": 0.0,
      "transform_matrix": [
        [
          0.9986295347545742,
          0.001369995621214433,
          -0.05231802201785907,
          7.693407
        ],
        [
          -0.05233595624294384,
          0.026141073709985918,
          -0.9982873293543427,
          46.749611
        ],
        [
          2.185751579730777e-16,
          0.9996573249755575,
          0.02617694830787315,
          1131.5
        ],
        [
          0.0,
          0.0,
          0.0,
          1.0
        ]
      ]
    },
    "5_1-HEISCH_5": {
      "file_path": "data/2024-10-09/12-00-00/imagesPlane/5_1-HEISCH_5.jpg",
      "width": 3072.0,
      "height": 2047.0,
      "fx": 1371.1,
      "fy": 2742.3,
      "k1": 0.0,
      "k2": 0.0,
      "p1": 0.0,
      "p2": 0.0,
      "k3": 0.0,
      "k4": 0.0,
      "k5": 0.0,
      "k6": 0.0,
      "transform_matrix": [
        [
          0.6414496315691578,
          0.002677906122895035,
          -0.7671604779826633,
          7.693407
        ],
        [
          -0.7671651518152995,
          0.002239077064230821,
          -0.6414457236384921,
          46.749611
        ],
        [
          -9.992007221626409e-16,
          0.9999939076577904,
          0.003490651415223811,
          1131.5
        ],
        [
          0.0,
          0.0,
          0.0,
          1.0
        ]
      ]
    }
  },
  "2-BSPIEZ": {
    "cam_id": "2-BSPIEZ",
    "tilt_angle": -0.003490658503988659,
    "camera_angle_hei": 0.7435102613495844,
    "nbr_frames": 3.0,
    "hei": 2048.0,
    "camera_angle_wid_img": 1.1654075051716954,
    "overlapPix_wid_img": 1158.0,
    "degPerPix_wid_img": 0.0217359802927112,
    "cx": 1536.0,
    "cy": 1022.0,
    "wid": 3072.0,
    "wid_pano": 6901.0,
    "pixel_north_pano": 2143.0,
    "camera_angle_wid_pano": 2.6179938779914944,
    "fphi_pano": 2635.987829465207,
    "fy_pano": 2626.4241852817963,
    "cx_pano": 3450.5,
    "cy_pano": 1024.0,
    "6_2-BSPIEZ_0": {
      "file_path": "data/2024-10-09/12-00-00/imagesPlane/6_2-BSPIEZ_0.jpg",
      "width": 3072.0,
      "height": 2047.0,
      "fx": 2281.8,
      "fy": 2789.9,
      "k1": 0.0,
      "k2": 0.0,
      "p1": 0.0,
      "p2": 0.0,
      "k3": 0.0,
      "k4": 0.0,
      "k5": 0.0,
      "k6": 0.0,
      "transform_matrix": [
        [
          0.4694715627858909,
          2.7755575615628914e-16,
          0.882947592858927,
          7.6819
        ],
        [
          0.882947592858927,
          -0.0,
          -0.4694715627858909,
          46.68726
        ],
        [
          -1.1102230246251565e-16,
          1.0,
          -2.220446049250313e-16,
          603.9
        ],
        [
          0.0,
          0.0,
          0.0,
          1.0
        ]
      ]
    },
    "7_2-BSPIEZ_1": {
      "file_path": "data/2024-10-09/12-00-00/imagesPlane/7_2-BSPIEZ_1.jpg",
      "width": 3072.0,
      "height": 2047.0,
      "fx": 3033.5,
      "fy": 3525.5,
      "k1": 0.0,
      "k2": 0.0,
      "p1": 0.0,
      "p2": 0.0,
      "k3": 0.0,
      "k4": 0.0,
      "k5": 0.0,
      "k6": 0.0,
      "transform_matrix": [
        [
          0.9142539552342637,
          -0.0014142080532593138,
          0.40513911851867246,
          7.6819
        ],
        [
          0.4051415867798625,
          0.003191341862712249,
          -0.9142483852863018,
          46.68726
        ],
        [
          2.498001805406602e-16,
          0.9999939076577903,
          0.0034906514152236445,
          603.9
        ],
        [
          0.0,
          0.0,
          0.0,
          1.0
        ]
      ]
    },
    "8_2-BSPIEZ_2": {
      "file_path": "data/2024-10-09/12-00-00/imagesPlane/8_2-BSPIEZ_2.jpg",
      "width": 3072.0,
      "height": 2047.0,
      "fx": 3556.8,
      "fy": 3885.1,
      "k1": 0.0,
      "k2": 0.0,
      "p1": 0.0,
      "p2": 0.0,
      "k3": 0.0,
      "k4": 0.0,
      "k5": 0.0,
      "k6": 0.0,
      "transform_matrix": [
        [
          0.9937679191605964,
          0.00038909918595926574,
          -0.11146825309944472,
          7.6819
        ],
        [
          -0.11146893220632546,
          0.003468897393421766,
          -0.9937618647863559,
          46.68726
        ],
        [
          2.0816681711721685e-16,
          0.9999939076577903,
          0.003490651415223589,
          603.9
        ],
        [
          0.0,
          0.0,
          0.0,
          1.0
        ]
      ]
    }
  },
  "2": {
    "cam_id": "3-NIEDH",
    "tilt_angle": 0.0,
    "camera_angle_hei": 0.7923794804054255,
    "nbr_frames": 6.0,
    "hei": 2048.0,
    "camera_angle_wid_img": 1.2309914071208985,
    "overlapPix_wid_img": 551.0,
    "degPerPix_wid_img": 0.02295918367346939,
    "cx": 1536.0,
    "cy": 1024.0,
    "wid": 3072.0,
    "wid_pano": 15680.0,
    "pixel_north_pano": 13979.0,
    "camera_angle_wid_pano": 6.283185307179586,
    "fphi_pano": 2495.549507680919,
    "fy_pano": 2447.9507962958514,
    "cx_pano": 7840.0,
    "cy_pano": 974.1579367967596,
    "9_3-NIEDH_0": {
        "file_path": "data/2024-10-09/12-00-00/imagesPlane/9_3-NIEDH_0.jpg",
        "width": 3072.0,
        "height": 2047.0,
        "fx": 2825.9,
        "fy": 3052.9,
        "k1": 0.0,
        "k2": 0.0,
        "p1": 0.0,
        "p2": 0.0,
        "k3": 0.0,
        "k4": 0.0,
        "k5": 0.0,
        "k6": 0.0,
        "transform_matrix": [
          [
            0.7986355100472929,
            0.008402649884056701,
            0.6017563606364509,
            7.775161
          ],
          [
            0.6018150231520483,
            -0.011150693016524937,
            -0.7985576622597462,
            46.71056
          ],
          [
            -1.0547118733938987e-15,
            0.9999025240093043,
            -0.013962180339145314,
            1948.0
          ],
          [
            0.0,
            0.0,
            0.0,
            1.0
          ]
        ]
      },
    "10_3-NIEDH_1": {
        "file_path": "data/2024-10-09/12-00-00/imagesPlane/10_3-NIEDH_1.jpg",
        "width": 3072.0,
        "height": 2047.0,
        "fx": 3087.6,
        "fy": 3281.7,
        "k1": 0.0,
        "k2": 0.0,
        "p1": 0.0,
        "p2": 0.0,
        "k3": 0.0,
        "k4": 0.0,
        "k5": 0.0,
        "k6": 0.0,
        "transform_matrix": [
          [
            0.992546151641322,
            -0.0021269133133515056,
            -0.12185078211385947,
            7.775161
          ],
          [
            -0.12186934340514749,
            -0.017322318846205942,
            -0.9923949820549217,
            46.71056
          ],
          [
            6.938893903907228e-18,
            0.9998476951563912,
            -0.01745240643728352,
            1948.0
          ],
          [
            0.0,
            0.0,
            0.0,
            1.0
          ]
        ]
      },
    "11_3-NIEDH_2": {
        "file_path": "data/2024-10-09/12-00-00/imagesPlane/11_3-NIEDH_2.jpg",
        "width": 3072.0,
        "height": 2047.0,
        "fx": 2433.8,
        "fy": 2807.7,
        "k1": 0.0,
        "k2": 0.0,
        "p1": 0.0,
        "p2": 0.0,
        "k3": 0.0,
        "k4": 0.0,
        "k5": 0.0,
        "k6": 0.0,
        "transform_matrix": [
          [
            0.5735764363510462,
            -0.01715502605981012,
            -0.8189723907090651,
            7.775161
          ],
          [
            -0.8191520442889918,
            -0.012012078565263151,
            -0.573450641560115,
            46.71056
          ],
          [
            -5.551115123125783e-17,
            0.9997806834748455,
            -0.020942419883356822,
            1948.0
          ],
          [
            0.0,
            0.0,
            0.0,
            1.0
          ]
        ]
      },
    "12_3-NIEDH_3": {
        "file_path": "data/2024-10-09/12-00-00/imagesPlane/12_3-NIEDH_3.jpg",
        "width": 3072.0,
        "height": 2047.0,
        "fx": 1910.5,
        "fy": 2807.7,
        "k1": 0.0,
        "k2": 0.0,
        "p1": 0.0,
        "p2": 0.0,
        "k3": 0.0,
        "k4": 0.0,
        "k5": 0.0,
        "k6": 0.0,
        "transform_matrix": [
          [
            -0.6845471059286883,
            -0.01272225676578731,
            -0.7288576019686166,
            7.775161
          ],
          [
            -0.7289686274214118,
            0.011946994318133591,
            0.6844428460887769,
            46.71056
          ],
          [
            -1.6653345369377348e-16,
            0.9998476951563912,
            -0.017452406437283546,
            1948.0
          ],
          [
            0.0,
            0.0,
            0.0,
            1.0
          ]
        ]
      },
    "13_3-NIEDH_4": {
        "file_path": "data/2024-10-09/12-00-00/imagesPlane/13_3-NIEDH_4.jpg",
        "width": 3072.0,
        "height": 2047.0,
        "fx": 2041.3,
        "fy": 2791.3,
        "k1": 0.0,
        "k2": 0.0,
        "p1": 0.0,
        "p2": 0.0,
        "k3": 0.0,
        "k4": 0.0,
        "k5": 0.0,
        "k6": 0.0,
        "transform_matrix": [
          [
            -0.968147640378108,
            0.0021849499934638583,
            0.25037047035109417,
            7.775161
          ],
          [
            0.2503800040544414,
            0.008448574751426545,
            0.9681107762825325,
            46.71056
          ],
          [
            -2.498001805406602e-16,
            0.9999619230641714,
            -0.008726535498373907,
            1948.0
          ],
          [
            0.0,
            0.0,
            0.0,
            1.0
          ]
        ]
      },
    "14_3-NIEDH_5": {
        "file_path": "data/2024-10-09/12-00-00/imagesPlane/14_3-NIEDH_5.jpg",
        "width": 3072.0,
        "height": 2047.0,
        "fx": 1992.4,
        "fy": 2873.1,
        "k1": 0.0,
        "k2": 0.0,
        "p1": 0.0,
        "p2": 0.0,
        "k3": 0.0,
        "k4": 0.0,
        "k5": 0.0,
        "k6": 0.0,
        "transform_matrix": [
          [
            -0.5577451089796902,
            1.6653345369377348e-16,
            0.8300122850953675,
            7.775161
          ],
          [
            0.8300122850953675,
            1.5265566588595902e-16,
            0.5577451089796902,
            46.71056
          ],
          [
            0.0,
            1.0,
            -1.8041124150158794e-16,
            1948.0
          ],
          [
            0.0,
            0.0,
            0.0,
            1.0
          ]
        ]
      }
  },
  "4-FLSPA": {
    "tilt_angle": 0.0,
    "camera_angle_hei": 1.0960667702524387,
    "nbr_frames": 3.0,
    "hei": 2048.0,
    "camera_angle_wid_img": 1.7964296135991122,
    "overlapPix_wid_img": 729.0,
    "degPerPix_wid_img": 0.03350515463917526,
    "cx": 1536.0,
    "cy": 1024.0,
    "wid": 3072.0,
    "wid_pano": 7760.0,
    "pixel_north_pano": 596.0,
    "camera_angle_wid_pano": 4.537856055185257,
    "fphi_pano": 1710.0586500827646,
    "fy_pano": 1677.581301754862,
    "cx_pano": 3880.0,
    "cy_pano": 1024.0,
    "15_4-FLSPA_0": {
        "file_path": "data/2024-10-09/12-00-00/imagesPlane/15_4-FLSPA_0.jpg",
        "width": 3072.0,
        "height": 2047.0,
        "fx": 1664.8,
        "fy": 2069.7,
        "k1": 0.0,
        "k2": 0.0,
        "p1": 0.0,
        "p2": 0.0,
        "k3": 0.0,
        "k4": 0.0,
        "k5": 0.0,
        "k6": 0.0,
        "transform_matrix": [
          [
            0.6586894601186805,
            1.6653345369377348e-16,
            0.7524149088957244,
            7.951246
          ],
          [
            0.7524149088957244,
            -5.551115123125783e-17,
            -0.6586894601186805,
            46.731035
          ],
          [
            -5.551115123125783e-17,
            0.9999999999999999,
            -1.6653345369377348e-16,
            590.0
          ],
          [
            0.0,
            0.0,
            0.0,
            1.0
          ]
        ]
      },
    "16_4-FLSPA_1": {
        "file_path": "data/2024-10-09/12-00-00/imagesPlane/16_4-FLSPA_1.jpg",
        "width": 3072.0,
        "height": 2047.0,
        "fx": 1860.7,
        "fy": 2135.1,
        "k1": 0.0,
        "k2": 0.0,
        "p1": 0.0,
        "p2": 0.0,
        "k3": 0.0,
        "k4": 0.0,
        "k5": 0.0,
        "k6": 0.0,
        "transform_matrix": [
          [
            0.9848077530122079,
            -2.3592239273284576e-16,
            -0.1736481776669303,
            7.951246
          ],
          [
            -0.1736481776669303,
            -1.6653345369377348e-16,
            -0.9848077530122079,
            46.731035
          ],
          [
            2.0816681711721685e-16,
            0.9999999999999998,
            -1.6653345369377348e-16,
            590.0
          ],
          [
            0.0,
            0.0,
            0.0,
            1.0
          ]
        ]
      },
    "17_4-FLSPA_2": {
        "file_path": "data/2024-10-09/12-00-00/imagesPlane/17_4-FLSPA_2.jpg",
        "width": 3072.0,
        "height": 2047.0,
        "fx": 847.4,
        "fy": 1465.1,
        "k1": 0.0,
        "k2": 0.0,
        "p1": 0.0,
        "p2": 0.0,
        "k3": 0.0,
        "k4": 0.0,
        "k5": 0.0,
        "k6": 0.0,
        "transform_matrix": [
          [
            -0.04361938736533583,
            -3.3306690738754696e-16,
            -0.9990482215818577,
            7.951246
          ],
          [
            -0.9990482215818577,
            -5.273559366969494e-16,
            0.04361938736533594,
            46.731035
          ],
          [
            -4.996003610813204e-16,
            1.0,
            -1.6653345369377348e-16,
            590.0
          ],
          [
            0.0,
            0.0,
            0.0,
            1.0
          ]
        ]
      }
  },
  "5-MEIKAES": {
    "cam_id": "5-MEIKAES",
    "tilt_angle": 0.038397243543875255,
    "camera_angle_hei": 1.0960667702524387,
    "nbr_frames": 4.0,
    "hei": 2048.0,
    "camera_angle_wid_img": 1.7920290839899442,
    "overlapPix_wid_img": 506.0,
    "degPerPix_wid_img": 0.03342308049391886,
    "cx": 1536.0,
    "cy": 1024.0,
    "wid": 3072.0,
    "wid_pano": 10771.0,
    "pixel_north_pano": 161.0,
    "camera_angle_wid_pano": 6.283185307179586,
    "fphi_pano": 1714.2578920428048,
    "fy_pano": 1677.581301754862,
    "cx_pano": 5385.5,
    "cy_pano": 984.2311038693912,
    "18_5-MEIKAES_0": {
        "file_path": "data/2024-10-09/12-00-00/imagesPlane/18_5-MEIKAES_0.jpg",
        "width": 3072.0,
        "height": 2047.0,
        "fx": 1016.6,
        "fy": 1677.5,
        "k1": 0.0,
        "k2": 0.0,
        "p1": 0.0,
        "p2": 0.0,
        "k3": 0.0,
        "k4": 0.0,
        "k5": 0.0,
        "k6": 0.0,
        "transform_matrix": [
          [
            0.7431448254773942,
            0.011677939301800944,
            0.6690286945265029,
            8.218772
          ],
          [
            0.6691306063588582,
            -0.0129696655359956,
            -0.7430316409209712,
            46.757572
          ],
          [
            -1.6653345369377348e-16,
            0.9998476951563913,
            -0.017452406437283574,
            1833.0
          ],
          [
            0.0,
            0.0,
            0.0,
            1.0
          ]
        ]
      },
    "19_5-MEIKAES_1": {
        "file_path": "data/2024-10-09/12-00-00/imagesPlane/19_5-MEIKAES_1.jpg",
        "width": 3072.0,
        "height": 2047.0,
        "fx": 1016.6,
        "fy": 1759.3,
        "k1": 0.0,
        "k2": 0.0,
        "p1": 0.0,
        "p2": 0.0,
        "k3": 0.0,
        "k4": 0.0,
        "k5": 0.0,
        "k6": 0.0,
        "transform_matrix": [
          [
            0.769399555046895,
            -1.1102230246251565e-16,
            -0.6387678175155977,
            8.218772
          ],
          [
            -0.6387678175155977,
            -1.1102230246251565e-16,
            -0.769399555046895,
            46.757572
          ],
          [
            0.0,
            0.9999999999999999,
            -2.220446049250313e-16,
            1833.0
          ],
          [
            0.0,
            0.0,
            0.0,
            1.0
          ]
        ]
      },
    "20_5-MEIKAES_2": {
        "file_path": "data/2024-10-09/12-00-00/imagesPlane/20_5-MEIKAES_2.jpg",
        "width": 3072.0,
        "height": 2047.0,
        "fx": 1605.0,
        "fy": 2707.3,
        "k1": 0.0,
        "k2": 0.0,
        "p1": 0.0,
        "p2": 0.0,
        "k3": 0.0,
        "k4": 0.0,
        "k5": 0.0,
        "k6": 0.0,
        "transform_matrix": [
          [
            -0.8260982944957637,
            -0.021632530382460824,
            -0.5631106831347122,
            8.218772
          ],
          [
            -0.5635260489375716,
            0.03171210361662865,
            0.8254893909996771,
            46.757572
          ],
          [
            -1.1102230246251565e-15,
            0.9992629164106211,
            -0.038387809087519965,
            1833.0
          ],
          [
            0.0,
            0.0,
            0.0,
            1.0
          ]
        ]
      },
    "21_5-MEIKAES_3": {
        "file_path": "data/2024-10-09/12-00-00/imagesPlane/21_5-MEIKAES_3.jpg",
        "width": 3072.0,
        "height": 2047.0,
        "fx": 1997.1,
        "fy": 2396.7,
        "k1": 0.0,
        "k2": 0.0,
        "p1": 0.0,
        "p2": 0.0,
        "k3": 0.0,
        "k4": 0.0,
        "k5": 0.0,
        "k6": 0.0,
        "transform_matrix": [
          [
            -0.8720692724321206,
            0.01878632012851625,
            0.48902173597473253,
            8.218772
          ],
          [
            0.48938245174884654,
            0.03347682874121729,
            0.8714264844826094,
            46.757572
          ],
          [
            -1.1102230246251565e-15,
            0.9992629164106215,
            -0.03838780908752002,
            1833.0
          ],
          [
            0.0,
            0.0,
            0.0,
            1.0
          ]
        ]
      }
  },
  "6-MEIMAEG": {
    "cam_id": "6-MEIMAEG",
    "tilt_angle": 0.03490658503988659,
    "camera_angle_hei": 1.0960667702524387,
    "nbr_frames": 4.0,
    "hei": 2048.0,
    "camera_angle_wid_img": 1.7920290839899442,
    "overlapPix_wid_img": 506.0,
    "degPerPix_wid_img": 0.03342308049391886,
    "cx": 1536.0,
    "cy": 1024.0,
    "wid": 3072.0,
    "wid_pano": 10771.0,
    "pixel_north_pano": 5348.0,
    "camera_angle_wid_pano": 6.283185307179586,
    "fphi_pano": 1714.2578920428048,
    "fy_pano": 1677.581301754862,
    "cx_pano": 5385.5,
    "cy_pano": 1024.0,
    "22_6-MEIMAEG_0": {
        "file_path": "data/2024-10-09/12-00-00/imagesPlane/22_6-MEIMAEG_0.jpg",
        "width": 3072.0,
        "height": 2047.0,
        "fx": 1539.5,
        "fy": 1857.3,
        "k1": 0.0,
        "k2": 0.0,
        "p1": 0.0,
        "p2": 0.0,
        "k3": 0.0,
        "k4": 0.0,
        "k5": 0.0,
        "k6": 0.0,
        "transform_matrix": [
          [
            -0.6908824110768581,
            -0.021447719816069633,
            -0.7226489392362786,
            8.236862
          ],
          [
            -0.7229671459095686,
            0.020495886241115244,
            0.690578326174927,
            46.749265
          ],
          [
            -7.771561172376096e-16,
            0.999559860119384,
            -0.02966624408511072,
            1719.0
          ],
          [
            0.0,
            0.0,
            0.0,
            1.0
          ]
        ]
      },
    "23_6-MEIMAEG_1": {
        "file_path": "data/2024-10-09/12-00-00/imagesPlane/23_6-MEIMAEG_1.jpg",
        "width": 3072.0,
        "height": 2047.0,
        "fx": 1686.5,
        "fy": 1873.7,
        "k1": 0.0,
        "k2": 0.0,
        "p1": 0.0,
        "p2": 0.0,
        "k3": 0.0,
        "k4": 0.0,
        "k5": 0.0,
        "k6": 0.0,
        "transform_matrix": [
          [
            -0.9225380894562466,
            0.013467926651572537,
            0.3856709587901669,
            8.236862
          ],
          [
            0.3859060423243185,
            0.0321961150109099,
            0.9219761041782948,
            46.749265
          ],
          [
            -2.220446049250313e-16,
            0.9993908270190959,
            -0.03489949670250093,
            1719.0
          ],
          [
            0.0,
            0.0,
            0.0,
            1.0
          ]
        ]
      },
    "24_6-MEIMAEG_2": {
        "file_path": "data/2024-10-09/12-00-00/imagesPlane/24_6-MEIMAEG_2.jpg",
        "width": 3072.0,
        "height": 2047.0,
        "fx": 1490.6,
        "fy": 1873.7,
        "k1": 0.0,
        "k2": 0.0,
        "p1": 0.0,
        "p2": 0.0,
        "k3": 0.0,
        "k4": 0.0,
        "k5": 0.0,
        "k6": 0.0,
        "transform_matrix": [
          [
            0.5343523493898265,
            0.0294992125612763,
            0.8447469225512679,
            8.236862
          ],
          [
            0.8452618332218562,
            -0.018648628055503935,
            -0.5340268363762956,
            46.749265
          ],
          [
            -1.1102230246251565e-16,
            0.999390827019096,
            -0.03489949670250114,
            1719.0
          ],
          [
            0.0,
            0.0,
            0.0,
            1.0
          ]
        ]
      },
    "25_6-MEIMAEG_3": {
        "file_path": "data/2024-10-09/12-00-00/imagesPlane/25_6-MEIMAEG_3.jpg",
        "width": 3072.0,
        "height": 2047.0,
        "fx": 1686.5,
        "fy": 2086.1,
        "k1": 0.0,
        "k2": 0.0,
        "p1": 0.0,
        "p2": 0.0,
        "k3": 0.0,
        "k4": 0.0,
        "k5": 0.0,
        "k6": 0.0,
        "transform_matrix": [
          [
            0.9602936856769431,
            -0.009736649185243473,
            -0.27882115219551756,
            8.236862
          ],
          [
            -0.2789911060392293,
            -0.03351376631671521,
            -0.9597087007098957,
            46.749265
          ],
          [
            2.220446049250313e-16,
            0.9993908270190957,
            -0.034899496702501254,
            1719.0
          ],
          [
            0.0,
            0.0,
            0.0,
            1.0
          ]
        ]
      }
  },
  "7-MEIALPT": {
    "tilt_angle": 0.017453292519943295,
    "camera_angle_hei": 0.7923794804054255,
    "nbr_frames": 6.0,
    "hei": 2048.0,
    "camera_angle_wid_img": 1.1557358998656182,
    "overlapPix_wid_img": 347.0,
    "degPerPix_wid_img": 0.02155559547332495,
    "cx": 1536.0,
    "cy": 1024.0,
    "wid": 3072.0,
    "wid_pano": 16701.0,
    "pixel_north_pano": -3088.0,
    "camera_angle_wid_pano": 6.283185307179586,
    "fphi_pano": 2658.046704577744,
    "fy_pano": 2447.9507962958514,
    "cx_pano": 8350.5,
    "cy_pano": 974.1579367967596,
    "26_7-MEIALPT_0": {
        "file_path": "data/2024-10-09/12-00-00/imagesPlane/26_7-MEIALPT_0.jpg",
        "width": 3072.0,
        "height": 2047.0,
        "fx": 1734.2,
        "fy": 2448.1,
        "k1": 0.0,
        "k2": 0.0,
        "p1": 0.0,
        "p2": 0.0,
        "k3": 0.0,
        "k4": 0.0,
        "k5": 0.0,
        "k6": 0.0,
        "transform_matrix": [
          [
            0.22665130743685485,
            -0.020397413663056585,
            -0.973762358254324,
            8.255035
          ],
          [
            -0.9739759672790516,
            -0.0047466268474545825,
            -0.22660159905968613,
            46.736775
          ],
          [
            -1.6653345369377348e-16,
            0.9997806834748455,
            -0.020942419883356933,
            2245.0
          ],
          [
            0.0,
            0.0,
            0.0,
            1.0
          ]
        ]
      },
    "27_7-MEIALPT_1": {
        "file_path": "data/2024-10-09/12-00-00/imagesPlane/27_7-MEIALPT_1.jpg",
        "width": 3072.0,
        "height": 2047.0,
        "fx": 2682.4,
        "fy": 3052.9,
        "k1": 0.0,
        "k2": 0.0,
        "p1": 0.0,
        "p2": 0.0,
        "k3": 0.0,
        "k4": 0.0,
        "k5": 0.0,
        "k6": 0.0,
        "transform_matrix": [
          [
            -0.8386705679454239,
            -0.009505261800692555,
            -0.5445560838519761,
            8.255035
          ],
          [
            -0.5446390350150273,
            0.014636819618770933,
            0.8385428343557337,
            46.736775
          ],
          [
            -3.885780586188048e-16,
            0.9998476951563913,
            -0.017452406437283755,
            2245.0
          ],
          [
            0.0,
            0.0,
            0.0,
            1.0
          ]
        ]
      },
    "28_7-MEIALPT_2": {
        "file_path": "data/2024-10-09/12-00-00/imagesPlane/28_7-MEIALPT_2.jpg",
        "width": 3072.0,
        "height": 2047.0,
        "fx": 3565.0,
        "fy": 3445.0,
        "k1": 0.0,
        "k2": 0.0,
        "p1": 0.0,
        "p2": 0.0,
        "k3": 0.0,
        "k4": 0.0,
        "k5": 0.0,
        "k6": 0.0,
        "transform_matrix": [
          [
            -0.9785089851017783,
            0.0010796776566236455,
            0.20620135880067675,
            8.255035
          ],
          [
            0.2062041853966297,
            0.00512343765471202,
            0.9784955719427199,
            46.736775
          ],
          [
            -4.579669976578771e-16,
            0.9999862922474266,
            -0.00523596383141955,
            2245.0
          ],
          [
            0.0,
            0.0,
            0.0,
            1.0
          ]
        ]
      },
    "29_7-MEIALPT_3": {
        "file_path": "data/2024-10-09/12-00-00/imagesPlane/29_7-MEIALPT_3.jpg",
        "width": 3072.0,
        "height": 2047.0,
        "fx": 2077.6,
        "fy": 2971.1,
        "k1": 0.0,
        "k2": 0.0,
        "p1": 0.0,
        "p2": 0.0,
        "k3": 0.0,
        "k4": 0.0,
        "k5": 0.0,
        "k6": 0.0,
        "transform_matrix": [
          [
            -0.3729877825758091,
            -1.6653345369377348e-16,
            0.92783625389892,
            8.255035
          ],
          [
            0.92783625389892,
            6.938893903907228e-16,
            0.37298778257580917,
            46.736775
          ],
          [
            -7.216449660063518e-16,
            1.0,
            -5.551115123125783e-17,
            2245.0
          ],
          [
            0.0,
            0.0,
            0.0,
            1.0
          ]
        ]
      },
    "30_7-MEIALPT_4": {
        "file_path": "data/2024-10-09/12-00-00/imagesPlane/30_7-MEIALPT_4.jpg",
        "width": 3072.0,
        "height": 2047.0,
        "fx": 2764.0,
        "fy": 2709.7,
        "k1": 0.0,
        "k2": 0.0,
        "p1": 0.0,
        "p2": 0.0,
        "k3": 0.0,
        "k4": 0.0,
        "k5": 0.0,
        "k6": 0.0,
        "transform_matrix": [
          [
            0.7965299180241961,
            0.00316565909792782,
            0.6045908271673024,
            8.255035
          ],
          [
            0.6045991148623748,
            -0.004170601841418153,
            -0.7965189993891627,
            46.736775
          ],
          [
            -2.220446049250313e-16,
            0.9999862922474266,
            -0.0052359638314195545,
            2245.0
          ],
          [
            0.0,
            0.0,
            0.0,
            1.0
          ]
        ]
      },
    "31_7-MEIALPT_5": {
        "file_path": "data/2024-10-09/12-00-00/imagesPlane/31_7-MEIALPT_5.jpg",
        "width": 3072.0,
        "height": 2047.0,
        "fx": 3417.8,
        "fy": 3461.5,
        "k1": 0.0,
        "k2": 0.0,
        "p1": 0.0,
        "p2": 0.0,
        "k3": 0.0,
        "k4": 0.0,
        "k5": 0.0,
        "k6": 0.0,
        "transform_matrix": [
          [
            0.9857034690888535,
            -0.0029405451325343612,
            -0.16846371781639818,
            8.255035
          ],
          [
            -0.1684893795650026,
            -0.017202897569178977,
            -0.9855533416761495,
            46.736775
          ],
          [
            2.0816681711721685e-16,
            0.9998476951563913,
            -0.017452406437283463,
            2245.0
          ],
          [
            0.0,
            0.0,
            0.0,
            1.0
          ]
        ]
      }
  },
  "8-MELCHDRF": {
    "tilt_angle": 0.0,
    "camera_angle_hei": 1.0960667702524387,
    "nbr_frames": 4.0,
    "hei": 2048.0,
    "camera_angle_wid_img": 1.7920290839899442,
    "overlapPix_wid_img": 506.0,
    "degPerPix_wid_img": 0.03342308049391886,
    "cx": 1536.0,
    "cy": 1024.0,
    "wid": 3072.0,
    "wid_pano": 10771.0,
    "pixel_north_pano": -5544.0,
    "camera_angle_wid_pano": 6.283185307179586,
    "fphi_pano": 1714.2578920428048,
    "fy_pano": 1677.581301754862,
    "cx_pano": 5385.5,
    "cy_pano": 1024.0,
    "32_8-MELCHDRF_0": {
        "file_path": "data/2024-10-09/12-00-00/imagesPlane/32_8-MELCHDRF_0.jpg",
        "width": 3072.0,
        "height": 2047.0,
        "fx": 934.7,
        "fy": 2086.1,
        "k1": 0.0,
        "k2": 0.0,
        "p1": 0.0,
        "p2": 0.0,
        "k3": 0.0,
        "k4": 0.0,
        "k5": 0.0,
        "k6": 0.0,
        "transform_matrix": [
          [
            -0.5664062369248326,
            -0.002876737246636396,
            0.8241211677632507,
            8.269262
          ],
          [
            0.8241261886220158,
            -0.00197712673251306,
            0.5664027861842076,
            46.775888
          ],
          [
            -1.6653345369377348e-16,
            0.9999939076577904,
            0.0034906514152236306,
            1946.0
          ],
          [
            0.0,
            0.0,
            0.0,
            1.0
          ]
        ]
      },
    "33_8-MELCHDRF_1": {
        "file_path": "data/2024-10-09/12-00-00/imagesPlane/33_8-MELCHDRF_1.jpg",
        "width": 3072.0,
        "height": 2047.0,
        "fx": 1637.5,
        "fy": 1889.9,
        "k1": 0.0,
        "k2": 0.0,
        "p1": 0.0,
        "p2": 0.0,
        "k3": 0.0,
        "k4": 0.0,
        "k5": 0.0,
        "k6": 0.0,
        "transform_matrix": [
          [
            0.9142539552342637,
            -1.6653345369377348e-16,
            0.4051415867798625,
            8.269262
          ],
          [
            0.4051415867798625,
            -1.6653345369377348e-16,
            -0.9142539552342637,
            46.775888
          ],
          [
            2.220446049250313e-16,
            1.0,
            -5.551115123125783e-17,
            1946.0
          ],
          [
            0.0,
            0.0,
            0.0,
            1.0
          ]
        ]
      },
    "34_8-MELCHDRF_2": {
        "file_path": "data/2024-10-09/12-00-00/imagesPlane/34_8-MELCHDRF_2.jpg",
        "width": 3072.0,
        "height": 2047.0,
        "fx": 1621.1,
        "fy": 1922.7,
        "k1": 0.0,
        "k2": 0.0,
        "p1": 0.0,
        "p2": 0.0,
        "k3": 0.0,
        "k4": 0.0,
        "k5": 0.0,
        "k6": 0.0,
        "transform_matrix": [
          [
            0.6156614753256584,
            -0.0,
            -0.788010753606722,
            8.269262
          ],
          [
            -0.7880107536067219,
            -1.6653345369377348e-16,
            -0.6156614753256584,
            46.775888
          ],
          [
            -1.6653345369377348e-16,
            1.0,
            -5.551115123125783e-17,
            1946.0
          ],
          [
            0.0,
            0.0,
            0.0,
            1.0
          ]
        ]
      },
    "35_8-MELCHDRF_3": {
        "file_path": "data/2024-10-09/12-00-00/imagesPlane/35_8-MELCHDRF_3.jpg",
        "width": 3072.0,
        "height": 2047.0,
        "fx": 1539.5,
        "fy": 1906.3,
        "k1": 0.0,
        "k2": 0.0,
        "p1": 0.0,
        "p2": 0.0,
        "k3": 0.0,
        "k4": 0.0,
        "k5": 0.0,
        "k6": 0.0,
        "transform_matrix": [
          [
            -0.8720692724321204,
            -6.106226635438361e-16,
            -0.4893824517488464,
            8.269262
          ],
          [
            -0.48938245174884637,
            -3.400058012914542e-16,
            0.8720692724321204,
            46.775888
          ],
          [
            -6.938893903907228e-16,
            0.9999999999999998,
            -6.938893903907228e-18,
            1946.0
          ],
          [
            0.0,
            0.0,
            0.0,
            1.0
          ]
        ]
      }
  },
  "9-MELCHBONI": {
    "tilt_angle": 0.0,
    "camera_angle_hei": 0.7923794804054255,
    "nbr_frames": 6.0,
    "hei": 2048.0,
    "camera_angle_wid_img": 1.2288753589899846,
    "overlapPix_wid_img": 545.0,
    "degPerPix_wid_img": 0.022919717323486345,
    "cx": 1536.0,
    "cy": 1024.0,
    "wid": 3072.0,
    "wid_pano": 15707.0,
    "pixel_north_pano": -8253.0,
    "camera_angle_wid_pano": 6.283185307179586,
    "fphi_pano": 2499.8466911444,
    "fy_pano": 2447.9507962958514,
    "cx_pano": 7853.5,
    "cy_pano": 1023.9999999999999,
    "36_9-MELCHBONI_0": {
        "file_path": "data/2024-10-09/12-00-00/imagesPlane/36_9-MELCHBONI_0.jpg",
        "width": 3072.0,
        "height": 2047.0,
        "fx": 2405.7,
        "fy": 2742.3,
        "k1": 0.0,
        "k2": 0.0,
        "p1": 0.0,
        "p2": 0.0,
        "k3": 0.0,
        "k4": 0.0,
        "k5": 0.0,
        "k6": 0.0,
        "transform_matrix": [
          [
            -0.8720692724321204,
            -3.0531133177191805e-16,
            0.48938245174884637,
            8.289915
          ],
          [
            0.4893824517488464,
            2.3592239273284576e-16,
            0.8720692724321204,
            46.777667
          ],
          [
            -3.885780586188048e-16,
            0.9999999999999998,
            -9.71445146547012e-17,
            2173.0
          ],
          [
            0.0,
            0.0,
            0.0,
            1.0
          ]
        ]
      },
    "37_9-MELCHBONI_1": {
        "file_path": "data/2024-10-09/12-00-00/imagesPlane/37_9-MELCHBONI_1.jpg",
        "width": 3072.0,
        "height": 2047.0,
        "fx": 2111.5,
        "fy": 3216.3,
        "k1": 0.0,
        "k2": 0.0,
        "p1": 0.0,
        "p2": 0.0,
        "k3": 0.0,
        "k4": 0.0,
        "k5": 0.0,
        "k6": 0.0,
        "transform_matrix": [
          [
            0.2503800040544414,
            1.6653345369377348e-16,
            0.968147640378108,
            8.289915
          ],
          [
            0.968147640378108,
            1.1102230246251565e-16,
            -0.2503800040544414,
            46.777667
          ],
          [
            -1.6653345369377348e-16,
            1.0,
            -1.1102230246251565e-16,
            2173.0
          ],
          [
            0.0,
            0.0,
            0.0,
            1.0
          ]
        ]
      },
    "38_9-MELCHBONI_2": {
        "file_path": "data/2024-10-09/12-00-00/imagesPlane/38_9-MELCHBONI_2.jpg",
        "width": 3072.0,
        "height": 2047.0,
        "fx": 2552.9,
        "fy": 2840.2,
        "k1": 0.0,
        "k2": 0.0,
        "p1": 0.0,
        "p2": 0.0,
        "k3": 0.0,
        "k4": 0.0,
        "k5": 0.0,
        "k6": 0.0,
        "transform_matrix": [
          [
            0.939094252094709,
            -1.6653345369377348e-16,
            0.34365969458561607,
            8.289915
          ],
          [
            0.34365969458561607,
