{
  "1-HEISCH": {
    "camera_angle_hei": 0.7923794804054255,
    "nbr_frames": 6.0,
    "hei": 2048.0,
    "camera_angle_wid_img": 1.2309914071208985,
    "overlapPix_wid_img": 551.0,
    "degPerPix_wid_img": 0.02295918367346939,
    "cx": 1536.0,
    "cy": 1024.0,
    "wid": 3072.0,
    "0_1-HEISCH_0": {
      "transform_matrix": [
        [
          -0.7762061357498169,
          0.006885323207825422,
          -0.6304416060447693,
          7.69340705871582
        ],
        [
          -0.6304715275764465,
          -0.003528942121192813,
          0.7762043476104736,
          46.749610900878906
        ],
        [
          0.0031196260824799538,
          0.9999700784683228,
          0.007080186624079943,
          1131.5
        ],
        [
          0.0,
          0.0,
          0.0,
          1.0
        ]
      ],
      "fx": 2066.71826171875,
      "fy": 2711.602294921875,
      "k1": 0.0,
      "k2": 0.0,
      "p1": 0.0,
      "p2": 0.0,
      "k3": 0.0,
      "k4": 0.0,
      "k5": 0.0,
      "k6": 0.0
    },
    "1_1-HEISCH_1": {
      "transform_matrix": [
        [
          -0.9658531546592712,
          -0.015597817488014698,
          0.2586202025413513,
          7.69340705871582
        ],
        [
          0.25854015350341797,
          0.006981500890105963,
          0.965975284576416,
          46.749610900878906
        ],
        [
          -0.01687266305088997,
          0.9998539686203003,
          -0.0027104425244033337,
          1131.5
        ],
        [
          0.0,
          0.0,
          0.0,
          1.0
        ]
      ],
      "fx": 2091.084228515625,
      "fy": 2699.2783203125,
      "k1": 0.0,
      "k2": 0.0,
      "p1": 0.0,
      "p2": 0.0,
      "k3": 0.0,
      "k4": 0.0,
      "k5": 0.0,
      "k6": 0.0
    },
    "2_1-HEISCH_2": {
      "transform_matrix": [
        [
          -0.24513132870197296,
          -0.036097489297389984,
          0.9688176512718201,
          7.69340705871582
        ],
        [
          0.9689103960990906,
          -0.04366820305585861,
          0.24352775514125824,
          46.749610900878906
        ],
        [
          0.03351578488945961,
          0.998393714427948,
          0.04567967727780342,
          1131.5
        ],
        [
          0.0,
          0.0,
          0.0,
          1.0
        ]
      ],
      "fx": 2141.1025390625,
      "fy": 2289.4375,
      "k1": 0.0,
      "k2": 0.0,
      "p1": 0.0,
      "p2": 0.0,
      "k3": 0.0,
      "k4": 0.0,
      "k5": 0.0,
      "k6": 0.0
    },
    "3_1-HEISCH_3": {
      "transform_matrix": [
        [
          0.6458517909049988,
          0.039623986929655075,
          0.7624338865280151,
          7.69340705871582
        ],
        [
          0.7607672214508057,
          0.05044418200850487,
          -0.6470615267753601,
          46.749610900878906
        ],
        [
          -0.0640995129942894,
          0.9979405403137207,
          0.002434835070744157,
          1131.5
        ],
        [
          0.0,
          0.0,
          0.0,
          1.0
        ]
      ],
      "fx": 2051.171875,
      "fy": 2975.02734375,
      "k1": 0.0,
      "k2": 0.0,
      "p1": 0.0,
      "p2": 0.0,
      "k3": 0.0,
      "k4": 0.0,
      "k5": 0.0,
      "k6": 0.0
    },
    "4_1-HEISCH_4": {
      "transform_matrix": [
        [
          0.9993590116500854,
          0.0069277542643249035,
          -0.035122618079185486,
          7.69340705871582
        ],
        [
          -0.03528938442468643,
          0.025631757453083992,
          -0.9990484118461609,
          46.749610900878906
        ],
        [
          -0.006020907312631607,
          0.9996474385261536,
          0.025859802961349487,
          1131.5
        ],
        [
          0.0,
          0.0,
          0.0,
          1.0
        ]
      ],
      "fx": 2487.48583984375,
      "fy": 2818.599365234375,
      "k1": 0.0,
      "k2": 0.0,
      "p1": 0.0,
      "p2": 0.0,
      "k3": 0.0,
      "k4": 0.0,
      "k5": 0.0,
      "k6": 0.0
    },
    "5_1-HEISCH_5": {
      "transform_matrix": [
        [
          0.5995903611183167,
          0.030406929552555084,
          -0.7997292280197144,
          7.69340705871582
        ],
        [
          -0.800030529499054,
          0.04903929680585861,
          -0.5979517102241516,
          46.749610900878906
        ],
        [
          0.021036282181739807,
          0.9983338713645935,
          0.053729962557554245,
          1131.5
        ],
        [
          0.0,
          0.0,
          0.0,
          1.0
        ]
      ],
      "fx": 1526.849365234375,
      "fy": 1862.051513671875,
      "k1": 0.0,
      "k2": 0.0,
      "p1": 0.0,
      "p2": 0.0,
      "k3": 0.0,
      "k4": 0.0,
      "k5": 0.0,
      "k6": 0.0
    }
  },
  "2-BSPIEZ": {
    "camera_angle_hei": 0.7435102613495844,
    "nbr_frames": 3.0,
    "hei": 2048.0,
    "camera_angle_wid_img": 1.1654075051716954,
    "overlapPix_wid_img": 1158.0,
    "degPerPix_wid_img": 0.0217359802927112,
    "cx": 1536.0,
    "cy": 1022.0,
    "wid": 3072.0,
    "6_2-BSPIEZ_0": {
      "transform_matrix": [
        [
          0.462464839220047,
          0.028350388631224632,
          0.8861842751502991,
          7.6819000244140625
        ],
        [
          0.8861299753189087,
          0.019038472324609756,
          -0.46304556727409363,
          46.687259674072266
        ],
        [
          -0.02999911643564701,
          0.999416708946228,
          -0.01631750352680683,
          603.9000244140625
        ],
        [
          0.0,
          0.0,
          0.0,
          1.0
        ]
      ],
      "fx": 2234.4912109375,
      "fy": 3281.421142578125,
      "k1": 0.0,
      "k2": 0.0,
      "p1": 0.0,
      "p2": 0.0,
      "k3": 0.0,
      "k4": 0.0,
      "k5": 0.0,
      "k6": 0.0
    },
    "7_2-BSPIEZ_1": {
      "transform_matrix": [
        [
          0.9190598130226135,
          0.03494871035218239,
          0.3925654888153076,
          7.6819000244140625
        ],
        [
          0.3923981189727783,
          0.01181269995868206,
          -0.9197196364402771,
          46.687259674072266
        ],
        [
          -0.03678027167916298,
          0.999319314956665,
          -0.0028572313021868467,
          603.9000244140625
        ],
        [
          0.0,
          0.0,
          0.0,
          1.0
        ]
      ],
      "fx": 2862.50244140625,
      "fy": 3744.96826171875,
      "k1": 0.0,
      "k2": 0.0,
      "p1": 0.0,
      "p2": 0.0,
      "k3": 0.0,
      "k4": 0.0,
      "k5": 0.0,
      "k6": 0.0
    },
    "8_2-BSPIEZ_2": {
      "transform_matrix": [
        [
          0.9937203526496887,
          -0.004062325228005648,
          -0.11181820183992386,
          7.6819000244140625
        ],
        [
          -0.11180596798658371,
          0.0031249639578163624,
          -0.9937251210212708,
          46.687259674072266
        ],
        [
          0.0043862625025212765,
          0.9999868869781494,
          0.0026511482428759336,
          603.9000244140625
        ],
        [
          0.0,
          0.0,
          0.0,
          1.0
        ]
      ],
      "fx": 3596.68017578125,
      "fy": 3950.573486328125,
      "k1": 0.0,
      "k2": 0.0,
      "p1": 0.0,
      "p2": 0.0,
      "k3": 0.0,
      "k4": 0.0,
      "k5": 0.0,
      "k6": 0.0
    }
  },
  "3-NIEDH": {
    "camera_angle_hei": 0.7923794804054255,
    "nbr_frames": 6.0,
    "hei": 2048.0,
    "camera_angle_wid_img": 1.2309914071208985,
    "overlapPix_wid_img": 551.0,
    "degPerPix_wid_img": 0.02295918367346939,
    "cx": 1536.0,
    "cy": 1024.0,
    "wid": 3072.0,
    "9_3-NIEDH_0": {
      "transform_matrix": [
        [
          0.8516294360160828,
          -0.03334994241595268,
          0.5230822563171387,
          7.775160789489746
        ],
        [
          0.5227348804473877,
          -0.01909748651087284,
          -0.852281391620636,
          46.7105598449707
        ],
        [
          0.038413092494010925,
          0.9992612600326538,
          0.0011691959807649255,
          1948.0
        ],
        [
          0.0,
          0.0,
          0.0,
          1.0
        ]
      ],
      "fx": 3747.2421875,
      "fy": 2839.538818359375,
      "k1": 0.0,
      "k2": 0.0,
      "p1": 0.0,
      "p2": 0.0,
      "k3": 0.0,
      "k4": 0.0,
      "k5": 0.0,
      "k6": 0.0
    },
    "10_3-NIEDH_1": {
      "transform_matrix": [
        [
          0.9926871657371521,
          -0.017826419323682785,
          -0.11939185112714767,
          7.775160789489746
        ],
        [
          -0.11967229843139648,
          -0.015591450966894627,
          -0.9926910400390625,
          46.7105598449707
        ],
        [
          0.015834633260965347,
          0.999719500541687,
          -0.017610762268304825,
          1948.0
        ],
        [
          0.0,
          0.0,
          0.0,
          1.0
        ]
      ],
      "fx": 3087.753662109375,
      "fy": 3332.80615234375,
      "k1": 0.0,
      "k2": 0.0,
      "p1": 0.0,
      "p2": 0.0,
      "k3": 0.0,
      "k4": 0.0,
      "k5": 0.0,
      "k6": 0.0
    },
    "11_3-NIEDH_2": {
      "transform_matrix": [
        [
          0.515403687953949,
          -0.027786076068878174,
          -0.8564969301223755,
          7.775160789489746
        ],
        [
          -0.8569349050521851,
          -0.011291874572634697,
          -0.5153009295463562,
          46.7105598449707
        ],
        [
          0.004646735731512308,
          0.9995501041412354,
          -0.02963073179125786,
          1948.0
        ],
        [
          0.0,
          0.0,
          0.0,
          1.0
        ]
      ],
      "fx": 2019.218994140625,
      "fy": 2753.548095703125,
      "k1": 0.0,
      "k2": 0.0,
      "p1": 0.0,
      "p2": 0.0,
      "k3": 0.0,
      "k4": 0.0,
      "k5": 0.0,
      "k6": 0.0
    },
    "12_3-NIEDH_3": {
      "transform_matrix": [
        [
          -0.6873347163200378,
          -0.0292194876819849,
          -0.7257528901100159,
          7.775160789489746
        ],
        [
          -0.7258675694465637,
          -0.00843289028853178,
          0.6877828240394592,
          46.7105598449707
        ],
        [
          -0.02621685527265072,
          0.999537467956543,
          -0.015413259156048298,
          1948.0
        ],
        [
          0.0,
          0.0,
          0.0,
          1.0
        ]
      ],
      "fx": 1886.725341796875,
      "fy": 2635.477294921875,
      "k1": 0.0,
      "k2": 0.0,
      "p1": 0.0,
      "p2": 0.0,
      "k3": 0.0,
      "k4": 0.0,
      "k5": 0.0,
      "k6": 0.0
    },
    "13_3-NIEDH_4": {
      "transform_matrix": [
        [
          -0.9697563052177429,
          0.002179688075557351,
          0.24406549334526062,
          7.775160789489746
        ],
        [
          0.24407070875167847,
          0.002578519517555833,
          0.9697540402412415,
          46.7105598449707
        ],
        [
          0.0014844336546957493,
          0.9999942779541016,
          -0.0030325334519147873,
          1948.0
        ],
        [
          0.0,
          0.0,
          0.0,
          1.0
        ]
      ],
      "fx": 2039.433837890625,
      "fy": 2733.426513671875,
      "k1": 0.0,
      "k2": 0.0,
      "p1": 0.0,
      "p2": 0.0,
      "k3": 0.0,
      "k4": 0.0,
      "k5": 0.0,
      "k6": 0.0
    },
    "14_3-NIEDH_5": {
      "transform_matrix": [
        [
          -0.5638048648834229,
          -0.0049978080205619335,
          0.8258929252624512,
          7.775160789489746
        ],
        [
          0.825860857963562,
          -0.014097983948886395,
          0.5636976361274719,
          46.7105598449707
        ],
        [
          0.008826171979308128,
          0.9998881220817566,
          0.012076005339622498,
          1948.0
        ],
        [
          0.0,
          0.0,
          0.0,
          1.0
        ]
      ],
      "fx": 1938.410400390625,
      "fy": 2974.7412109375,
      "k1": 0.0,
      "k2": 0.0,
      "p1": 0.0,
      "p2": 0.0,
      "k3": 0.0,
      "k4": 0.0,
      "k5": 0.0,
      "k6": 0.0
    }
  },
  "4-FLSPA": {
    "camera_angle_hei": 1.0960667702524387,
    "nbr_frames": 3.0,
    "hei": 2048.0,
    "camera_angle_wid_img": 1.7964296135991122,
    "overlapPix_wid_img": 729.0,
    "degPerPix_wid_img": 0.03350515463917526,
    "cx": 1536.0,
    "cy": 1024.0,
    "wid": 3072.0,
    "15_4-FLSPA_0": {
      "transform_matrix": [
        [
          0.6402601003646851,
          0.027706630527973175,
          0.7676583528518677,
          7.9512457847595215
        ],
        [
          0.7676668167114258,
          0.012660082429647446,
          -0.6407241225242615,
          46.73103332519531
        ],
        [
          -0.027470923960208893,
          0.9995359182357788,
          -0.013163714669644833,
          590.0
        ],
        [
          0.0,
          0.0,
          0.0,
          1.0
        ]
      ],
      "fx": 1566.68896484375,
      "fy": 2054.3544921875,
      "k1": 0.0,
      "k2": 0.0,
      "p1": 0.0,
      "p2": 0.0,
      "k3": 0.0,
      "k4": 0.0,
      "k5": 0.0,
      "k6": 0.0
    },
    "16_4-FLSPA_1": {
      "transform_matrix": [
        [
          0.9816502928733826,
          -0.02160877361893654,
          -0.18946178257465363,
          7.9512457847595215
        ],
        [
          -0.18952471017837524,
          -0.0008835625485517085,
          -0.9818755388259888,
          46.73103332519531
        ],
        [
          0.021049724891781807,
          0.9997661113739014,
          -0.00496274558827281,
          590.0
        ],
        [
          0.0,
          0.0,
          0.0,
          1.0
        ]
      ],
      "fx": 1761.882080078125,
      "fy": 2074.2041015625,
      "k1": 0.0,
      "k2": 0.0,
      "p1": 0.0,
      "p2": 0.0,
      "k3": 0.0,
      "k4": 0.0,
      "k5": 0.0,
      "k6": 0.0
    },
    "17_4-FLSPA_2": {
      "transform_matrix": [
        [
          -0.04262524098157883,
          0.0006971374386921525,
          -0.9990909099578857,
          7.9512457847595215
        ],
        [
          -0.99908846616745,
          -0.0023408890701830387,
          0.042623504996299744,
          46.73103332519531
        ],
        [
          -0.0023090464528650045,
          0.9999970197677612,
          0.0007962829549796879,
          590.0
        ],
        [
          0.0,
          0.0,
          0.0,
          1.0
        ]
      ],
      "fx": 844.9480590820312,
      "fy": 1451.71875,
      "k1": 0.0,
      "k2": 0.0,
      "p1": 0.0,
      "p2": 0.0,
      "k3": 0.0,
      "k4": 0.0,
      "k5": 0.0,
      "k6": 0.0
    }
  },
  "5-MEIKAES": {
    "camera_angle_hei": 1.0960667702524387,
    "nbr_frames": 4.0,
    "hei": 2048.0,
    "camera_angle_wid_img": 1.7920290839899442,
    "overlapPix_wid_img": 506.0,
    "degPerPix_wid_img": 0.03342308049391886,
    "cx": 1536.0,
    "cy": 1024.0,
    "wid": 3072.0,
    "18_5-MEIKAES_0": {
      "transform_matrix": [
        [
          0.72479248046875,
          -0.02362058497965336,
          0.6885622143745422,
          8.218771934509277
        ],
        [
          0.6889669895172119,
          0.025703465566039085,
          -0.7243368029594421,
          46.757572174072266
        ],
        [
          -0.0005891752662137151,
          0.9993905425071716,
          0.03490348160266876,
          1833.0
        ],
        [
          0.0,
          0.0,
          0.0,
          1.0
        ]
      ],
      "fx": 955.92724609375,
      "fy": 1289.7850341796875,
      "k1": 0.0,
      "k2": 0.0,
      "p1": 0.0,
      "p2": 0.0,
      "k3": 0.0,
      "k4": 0.0,
      "k5": 0.0,
      "k6": 0.0
    },
    "19_5-MEIKAES_1": {
      "transform_matrix": [
        [
          0.7559555768966675,
          -0.003693160368129611,
          -0.6546124815940857,
          8.218771934509277
        ],
        [
          -0.6542956233024597,
          0.02735290303826332,
          -0.7557440400123596,
          46.757572174072266
        ],
        [
          0.02069663442671299,
          0.9996190071105957,
          0.01826116070151329,
          1833.0
        ],
        [
          0.0,
          0.0,
          0.0,
          1.0
        ]
      ],
      "fx": 1000.01171875,
      "fy": 1503.545654296875,
      "k1": 0.0,
      "k2": 0.0,
      "p1": 0.0,
      "p2": 0.0,
      "k3": 0.0,
      "k4": 0.0,
      "k5": 0.0,
      "k6": 0.0
    },
    "20_5-MEIKAES_2": {
      "transform_matrix": [
        [
          -0.8067262768745422,
          0.017962122336030006,
          -0.5906522870063782,
          8.218771934509277
        ],
        [
          -0.5894612073898315,
          0.04585668444633484,
          0.8064939975738525,
          46.757572174072266
        ],
        [
          0.04157169908285141,
          0.9987865090370178,
          -0.0264058168977499,
          1833.0
        ],
        [
          0.0,
          0.0,
          0.0,
          1.0
        ]
      ],
      "fx": 1428.2412109375,
      "fy": 1887.28271484375,
      "k1": 0.0,
      "k2": 0.0,
      "p1": 0.0,
      "p2": 0.0,
      "k3": 0.0,
      "k4": 0.0,
      "k5": 0.0,
      "k6": 0.0
    },
    "21_5-MEIKAES_3": {
      "transform_matrix": [
        [
          -0.8832674622535706,
          0.009199300780892372,
          0.46877923607826233,
          8.218771934509277
        ],
        [
          0.4687449634075165,
          0.040367234498262405,
          0.8824107050895691,
          46.757572174072266
        ],
        [
          -0.010805760510265827,
          0.999142587184906,
          -0.039967190474271774,
          1833.0
        ],
        [
          0.0,
          0.0,
          0.0,
          1.0
        ]
      ],
      "fx": 2116.918212890625,
      "fy": 2635.30126953125,
      "k1": 0.0,
      "k2": 0.0,
      "p1": 0.0,
      "p2": 0.0,
      "k3": 0.0,
      "k4": 0.0,
      "k5": 0.0,
      "k6": 0.0
    }
  },
  "6-MEIMAEG": {
    "camera_angle_hei": 1.0960667702524387,
    "nbr_frames": 4.0,
    "hei": 2048.0,
    "camera_angle_wid_img": 1.7920290839899442,
    "overlapPix_wid_img": 506.0,
    "degPerPix_wid_img": 0.03342308049391886,
    "cx": 1536.0,
    "cy": 1024.0,
    "wid": 3072.0,
    "22_6-MEIMAEG_0": {
      "transform_matrix": [
        [
          -0.6861231923103333,
          -0.012417644262313843,
          -0.7273793816566467,
          8.236862182617188
        ],
        [
          -0.7274224758148193,
          0.024854568764567375,
          0.6857395768165588,
          46.749263763427734
        ],
        [
          0.009563431143760681,
          0.9996139407157898,
          -0.026086170226335526,
          1719.0
        ],
        [
          0.0,
          0.0,
          0.0,
          1.0
        ]
      ],
      "fx": 1546.366455078125,
      "fy": 1786.4024658203125,
      "k1": 0.0,
      "k2": 0.0,
      "p1": 0.0,
      "p2": 0.0,
      "k3": 0.0,
      "k4": 0.0,
      "k5": 0.0,
      "k6": 0.0
    },
    "23_6-MEIMAEG_1": {
      "transform_matrix": [
        [
          -0.9211322069168091,
          0.014848407357931137,
          0.3889665901660919,
          8.236862182617188
        ],
        [
          0.38924792408943176,
          0.031946588307619095,
          0.9205788969993591,
          46.749263763427734
        ],
        [
          0.001242974540218711,
          0.9993792772293091,
          -0.03520674258470535,
          1719.0
        ],
        [
          0.0,
          0.0,
          0.0,
          1.0
        ]
      ],
      "fx": 1679.191650390625,
      "fy": 1931.9434814453125,
      "k1": 0.0,
      "k2": 0.0,
      "p1": 0.0,
      "p2": 0.0,
      "k3": 0.0,
      "k4": 0.0,
      "k5": 0.0,
      "k6": 0.0
    },
    "24_6-MEIMAEG_2": {
      "transform_matrix": [
        [
          0.5414419770240784,
          0.05378466099500656,
          0.8390159606933594,
          8.236862182617188
        ],
        [
          0.8400813341140747,
          0.004827567376196384,
          -0.5424389243125916,
          46.749263763427734
        ],
        [
          -0.033225301653146744,
          0.9985408782958984,
          -0.04256964474916458,
          1719.0
        ],
        [
          0.0,
          0.0,
          0.0,
          1.0
        ]
      ],
      "fx": 1459.9061279296875,
      "fy": 2069.57373046875,
      "k1": 0.0,
      "k2": 0.0,
      "p1": 0.0,
      "p2": 0.0,
      "k3": 0.0,
      "k4": 0.0,
      "k5": 0.0,
      "k6": 0.0
    },
    "25_6-MEIMAEG_3": {
      "transform_matrix": [
        [
          0.9621036648750305,
          -0.05479114130139351,
          -0.2671225965023041,
          8.236862182617188
        ],
        [
          -0.2669277787208557,
          0.010979310609400272,
          -0.9636539816856384,
          46.749263763427734
        ],
        [
          0.05573252588510513,
          0.9984374642372131,
          -0.0040620435029268265,
          1719.0
        ],
        [
          0.0,
          0.0,
          0.0,
          1.0
        ]
      ],
      "fx": 1642.943603515625,
      "fy": 1945.0076904296875,
      "k1": 0.0,
      "k2": 0.0,
      "p1": 0.0,
      "p2": 0.0,
      "k3": 0.0,
      "k4": 0.0,
      "k5": 0.0,
      "k6": 0.0
    }
  },
  "7-MEIALPT": {
    "camera_angle_hei": 0.7923794804054255,
    "nbr_frames": 6.0,
    "hei": 2048.0,
    "camera_angle_wid_img": 1.1557358998656182,
    "overlapPix_wid_img": 347.0,
    "degPerPix_wid_img": 0.02155559547332495,
    "cx": 1536.0,
    "cy": 1024.0,
    "wid": 3072.0,
    "26_7-MEIALPT_0": {
      "transform_matrix": [
        [
          0.22455374896526337,
          -0.027863921597599983,
          -0.9740632772445679,
          8.255035400390625
        ],
        [
          -0.9744545817375183,
          -0.002598384628072381,
          -0.224569633603096,
          46.73677444458008
        ],
        [
          0.0037263997364789248,
          0.9996083378791809,
          -0.027735602110624313,
          2245.0
        ],
        [
          0.0,
          0.0,
          0.0,
          1.0
        ]
      ],
      "fx": 1678.4541015625,
      "fy": 2610.586669921875,
      "k1": 0.0,
      "k2": 0.0,
      "p1": 0.0,
      "p2": 0.0,
      "k3": 0.0,
      "k4": 0.0,
      "k5": 0.0,
      "k6": 0.0
    },
    "27_7-MEIALPT_1": {
      "transform_matrix": [
        [
          -0.8355458378791809,
          -0.0351916179060936,
          -0.5482925772666931,
          8.255035400390625
        ],
        [
          -0.5484899282455444,
          -0.004638087935745716,
          0.8361442685127258,
          46.73677444458008
        ],
        [
          -0.03196829929947853,
          0.9993698000907898,
          -0.015426913276314735,
          2245.0
        ],
        [
          0.0,
          0.0,
          0.0,
          1.0
        ]
      ],
      "fx": 2676.26806640625,
      "fy": 3541.660888671875,
      "k1": 0.0,
      "k2": 0.0,
      "p1": 0.0,
      "p2": 0.0,
      "k3": 0.0,
      "k4": 0.0,
      "k5": 0.0,
      "k6": 0.0
    },
    "28_7-MEIALPT_2": {
      "transform_matrix": [
        [
          -0.9770544171333313,
          -0.018357114866375923,
          0.21219731867313385,
          8.255035400390625
        ],
        [
          0.21221287548542023,
          0.0011191855883225799,
          0.9772228002548218,
          46.73677444458008
        ],
        [
          -0.018176479265093803,
          0.9998308420181274,
          0.0028021109756082296,
          2245.0
        ],
        [
          0.0,
          0.0,
          0.0,
          1.0
        ]
      ],
      "fx": 3429.84130859375,
      "fy": 3680.008056640625,
      "k1": 0.0,
      "k2": 0.0,
      "p1": 0.0,
      "p2": 0.0,
      "k3": 0.0,
      "k4": 0.0,
      "k5": 0.0,
      "k6": 0.0
    },
    "29_7-MEIALPT_3": {
      "transform_matrix": [
        [
          -0.3494837284088135,
          -0.0017603125888854265,
          0.9369407892227173,
          8.255035400390625
        ],
        [
          0.9369229078292847,
          -0.007112184073776007,
          0.34946370124816895,
          46.73677444458008
        ],
        [
          0.006048529874533415,
          0.9999731779098511,
          0.004134869668632746,
          2245.0
        ],
        [
          0.0,
          0.0,
          0.0,
          1.0
        ]
      ],
      "fx": 1952.3389892578125,
      "fy": 2841.99755859375,
      "k1": 0.0,
      "k2": 0.0,
      "p1": 0.0,
      "p2": 0.0,
      "k3": 0.0,
      "k4": 0.0,
      "k5": 0.0,
      "k6": 0.0
    },
    "30_7-MEIALPT_4": {
      "transform_matrix": [
        [
          0.7998707294464111,
          0.018663395196199417,
          0.5998820066452026,
          8.255035400390625
        ],
        [
          0.5999850034713745,
          0.00010301978909410536,
          -0.8000112175941467,
          46.73677444458008
        ],
        [
          -0.014992726035416126,
          0.9998258352279663,
          -0.011115354485809803,
          2245.0
        ],
        [
          0.0,
          0.0,
          0.0,
          1.0
        ]
      ],
      "fx": 2844.026611328125,
      "fy": 3101.269287109375,
      "k1": 0.0,
      "k2": 0.0,
      "p1": 0.0,
      "p2": 0.0,
      "k3": 0.0,
      "k4": 0.0,
      "k5": 0.0,
      "k6": 0.0
    },
    "31_7-MEIALPT_5": {
      "transform_matrix": [
        [
          0.9857801795005798,
          -0.015351613983511925,
          -0.16733728349208832,
          8.255035400390625
        ],
        [
          -0.16755354404449463,
          -0.014080662280321121,
          -0.9857624173164368,
          46.73677444458008
        ],
        [
          0.012776823714375496,
          0.9997829794883728,
          -0.01645265519618988,
          2245.0
        ],
        [
          0.0,
          0.0,
          0.0,
          1.0
        ]
      ],
      "fx": 3366.955078125,
      "fy": 3357.7939453125,
      "k1": 0.0,
      "k2": 0.0,
      "p1": 0.0,
      "p2": 0.0,
      "k3": 0.0,
      "k4": 0.0,
      "k5": 0.0,
      "k6": 0.0
    }
  },
  "8-MELCHDRF": {
    "camera_angle_hei": 1.0960667702524387,
    "nbr_frames": 4.0,
    "hei": 2048.0,
    "camera_angle_wid_img": 1.7920290839899442,
    "overlapPix_wid_img": 506.0,
    "degPerPix_wid_img": 0.03342308049391886,
    "cx": 1536.0,
    "cy": 1024.0,
    "wid": 3072.0,
    "32_8-MELCHDRF_0": {
      "transform_matrix": [
        [
          -0.5463213324546814,
          -0.0059110252186656,
          0.8375548124313354,
          8.269262313842773
        ],
        [
          0.836563766002655,
          -0.05299066752195358,
          0.5453009009361267,
          46.77588653564453
        ],
        [
          0.04115930199623108,
          0.9985775351524353,
          0.03389488160610199,
          1946.0
        ],
        [
          0.0,
          0.0,
          0.0,
          1.0
        ]
      ],
      "fx": 976.4058837890625,
      "fy": 1803.53369140625,
      "k1": 0.0,
      "k2": 0.0,
      "p1": 0.0,
      "p2": 0.0,
      "k3": 0.0,
      "k4": 0.0,
      "k5": 0.0,
      "k6": 0.0
    },
    "33_8-MELCHDRF_1": {
      "transform_matrix": [
        [
          0.9084211587905884,
          -0.0012558801099658012,
          0.4180542528629303,
          8.269262313842773
        ],
        [
          0.4180544912815094,
          0.005558658391237259,
          -0.9084049463272095,
          46.77588653564453
        ],
        [
          -0.0011829730356112123,
          0.9999837875366211,
          0.0055746291764080524,
          1946.0
        ],
        [
          0.0,
          0.0,
          0.0,
          1.0
        ]
      ],
      "fx": 1613.5673828125,
      "fy": 1838.0181884765625,
      "k1": 0.0,
      "k2": 0.0,
      "p1": 0.0,
      "p2": 0.0,
      "k3": 0.0,
      "k4": 0.0,
      "k5": 0.0,
      "k6": 0.0
    },
    "34_8-MELCHDRF_2": {
      "transform_matrix": [
        [
          0.6327936053276062,
          -0.03180226683616638,
          -0.7736671566963196,
          8.269262313842773
        ],
        [
          -0.774176299571991,
          -0.0067018261179327965,
          -0.6329345703125,
          46.77588653564453
        ],
        [
          0.014943770132958889,
          0.9994717240333557,
          -0.028861433267593384,
          1946.0
        ],
        [
          0.0,
          0.0,
          0.0,
          1.0
        ]
      ],
      "fx": 1628.137939453125,
      "fy": 2588.66796875,
      "k1": 0.0,
      "k2": 0.0,
      "p1": 0.0,
      "p2": 0.0,
      "k3": 0.0,
      "k4": 0.0,
      "k5": 0.0,
      "k6": 0.0
    },
    "35_8-MELCHDRF_3": {
      "transform_matrix": [
        [
          -0.8488475680351257,
          -0.09132306277751923,
          -0.5206897854804993,
          8.269262313842773
        ],
        [
          -0.5211572647094727,
          -0.020546196028590202,
          0.8532133102416992,
          46.77588653564453
        ],
        [
          -0.08861624449491501,
          0.9956093430519104,
          -0.030153091996908188,
          1946.0
        ],
        [
          0.0,
          0.0,
          0.0,
          1.0
        ]
      ],
      "fx": 1605.900390625,
      "fy": 2371.867919921875,
      "k1": 0.0,
      "k2": 0.0,
      "p1": 0.0,
      "p2": 0.0,
      "k3": 0.0,
      "k4": 0.0,
      "k5": 0.0,
      "k6": 0.0
    }
  },
  "9-MELCHBONI": {
    "camera_angle_hei": 0.7923794804054255,
    "nbr_frames": 6.0,
    "hei": 2048.0,
    "camera_angle_wid_img": 1.2288753589899846,
    "overlapPix_wid_img": 545.0,
    "degPerPix_wid_img": 0.022919717323486345,
    "cx": 1536.0,
    "cy": 1024.0,
    "wid": 3072.0,
    "36_9-MELCHBONI_0": {
      "transform_matrix": [
        [
          -0.8713836669921875,
          -0.00954776257276535,
          0.4905093014240265,
          8.289915084838867
        ],
        [
          0.4905499815940857,
          -0.0023680799640715122,
          0.8714098334312439,
          46.77766799926758
        ],
        [
          -0.0071584489196538925,
          0.9999516010284424,
          0.006747161038219929,
          2173.0
        ],
        [
          0.0,
          0.0,
          0.0,
          1.0
        ]
      ],
      "fx": 2417.266845703125,
      "fy": 3819.9814453125,
      "k1": 0.0,
      "k2": 0.0,
      "p1": 0.0,
      "p2": 0.0,
      "k3": 0.0,
      "k4": 0.0,
      "k5": 0.0,
      "k6": 0.0
    },
    "37_9-MELCHBONI_1": {
      "transform_matrix": [
        [
          0.22288814187049866,
          0.009320567362010479,
          0.9747994542121887,
          8.289915084838867
        ],
        [
          0.9746888279914856,
          0.01571166142821312,
          -0.22301307320594788,
          46.77766799926758
        ],
        [
          -0.017394328489899635,
          0.9998331069946289,
          -0.005582709796726704,
          2173.0
        ],
        [
          0.0,
          0.0,
          0.0,
          1.0
        ]
      ],
      "fx": 1975.117431640625,
      "fy": 3162.5400390625,
      "k1": 0.0,
      "k2": 0.0,
      "p1": 0.0,
      "p2": 0.0,
      "k3": 0.0,
      "k4": 0.0,
      "k5": 0.0,
      "k6": 0.0
    },
    "38_9-MELCHBONI_2": {
      "transform_matrix": [
        [
          0.9394887089729309,
          -0.0029786438681185246,
          0.34256693720817566,
          8.289915084838867
        ],
        [
          0.3425680994987488,
          -0.00012770497414749116,
          -0.9394930005073547,
          46.77766799926758
        ],
        [
          0.0028421625029295683,
          0.9999955296516418,
          0.0009004109888337553,
          2173.0
        ],
        [
          0.0,
          0.0,
          0.0,
          1.0
        ]
      ],
      "fx": 2596.758544921875,
      "fy": 2889.953369140625,
      "k1": 0.0,
      "k2": 0.0,
      "p1": 0.0,
      "p2": 0.0,
      "k3": 0.0,
      "k4": 0.0,
      "k5": 0.0,
      "k6": 0.0
    },
    "39_9-MELCHBONI_3": {
      "transform_matrix": [
        [
          0.9192615151405334,
          -0.006285934243351221,
          -0.39359715580940247,
          8.289915084838867
        ],
        [
          -0.3935917913913727,
          0.002119667362421751,
          -0.919282853603363,
          46.77766799926758
        ],
        [
          0.006612846627831459,
          0.9999780058860779,
          -0.0005255633150227368,
          2173.0
        ],
        [
          0.0,
          0.0,
          0.0,
          1.0
        ]
      ],
      "fx": 2379.559814453125,
      "fy": 3266.358154296875,
      "k1": 0.0,
      "k2": 0.0,
      "p1": 0.0,
      "p2": 0.0,
      "k3": 0.0,
      "k4": 0.0,
      "k5": 0.0,
      "k6": 0.0
    },
    "40_9-MELCHBONI_4": {
      "transform_matrix": [
        [
          0.002930138725787401,
          -0.0018362298142164946,
          -0.9999940395355225,
          8.289915084838867
        ],
        [
          -0.9999957084655762,
          3.637731424532831e-05,
          -0.0029302104376256466,
          46.77766799926758
        ],
        [
          4.175763388047926e-05,
          0.9999983310699463,
          -0.0018361153779551387,
          2173.0
        ],
        [
          0.0,
          0.0,
          0.0,
          1.0
        ]
      ],
      "fx": 1476.51708984375,
      "fy": 2400.944580078125,
      "k1": 0.0,
      "k2": 0.0,
      "p1": 0.0,
      "p2": 0.0,
      "k3": 0.0,
      "k4": 0.0,
      "k5": 0.0,
      "k6": 0.0
    },
    "41_9-MELCHBONI_5": {
      "transform_matrix": [
        [
          -0.9088123440742493,
          -0.008798525668680668,
          -0.4171123504638672,
          8.289915084838867
        ],
        [
          -0.4170791804790497,
          -0.005402784328907728,
          0.908854067325592,
          46.77766799926758
        ],
        [
          -0.010250144638121128,
          0.9999467134475708,
          0.0012404349399730563,
          2173.0
        ],
        [
          0.0,
          0.0,
          0.0,
          1.0
        ]
      ],
      "fx": 2456.52294921875,
      "fy": 3118.830322265625,
      "k1": 0.0,
      "k2": 0.0,
      "p1": 0.0,
      "p2": 0.0,
      "k3": 0.0,
      "k4": 0.0,
      "k5": 0.0,
      "k6": 0.0
    }
  },
  "10-AXALPW": {
    "camera_angle_hei": 1.0960667702524387,
    "nbr_frames": 4.0,
    "hei": 2048.0,
    "camera_angle_wid_img": 1.7951958020513104,
    "overlapPix_wid_img": 513.0,
    "degPerPix_wid_img": 0.033482142857142856,
    "cx": 1536.0,
    "cy": 1024.0,
    "wid": 3072.0,
    "42_10-AXALPW_0": {
      "transform_matrix": [
        [
          -0.9918382167816162,
          -0.0052963546477258205,
          -0.1273927539587021,
          8.041523933410645
        ],
        [
          -0.127419114112854,
          0.004979640245437622,
          0.9918364882469177,
          46.709739685058594
        ],
        [
          -0.004618747625499964,
          0.9999735951423645,
          -0.00561385415494442,
          1925.9998779296875
        ],
        [
          0.0,
          0.0,
          0.0,
          1.0
        ]
      ],
      "fx": 1727.8597412109375,
      "fy": 2054.5224609375,
      "k1": 0.0,
      "k2": 0.0,
      "p1": 0.0,
      "p2": 0.0,
      "k3": 0.0,
      "k4": 0.0,
      "k5": 0.0,
      "k6": 0.0
    },
    "43_10-AXALPW_1": {
      "transform_matrix": [
        [
          -0.26379767060279846,
          0.007330178748816252,
          0.9645501971244812,
          8.041523933410645
        ],
        [
          0.9645758867263794,
          -0.00011620039731496945,
          0.2638055682182312,
          46.709739685058594
        ],
        [
          0.002045823261141777,
          0.9999731183052063,
          -0.0070398603565990925,
          1925.9998779296875
        ],
        [
          0.0,
          0.0,
          0.0,
          1.0
        ]
      ],
      "fx": 910.4927978515625,
      "fy": 1598.7718505859375,
      "k1": 0.0,
      "k2": 0.0,
      "p1": 0.0,
      "p2": 0.0,
      "k3": 0.0,
      "k4": 0.0,
      "k5": 0.0,
      "k6": 0.0
    },
    "44_10-AXALPW_2": {
      "transform_matrix": [
        [
          0.9761485457420349,
          0.003361881012097001,
          0.21707779169082642,
          8.041523933410645
        ],
        [
          0.21709071099758148,
          -0.004123971797525883,
          -0.9761427044868469,
          46.709739685058594
        ],
        [
          -0.0023864530958235264,
          0.9999858736991882,
          -0.004755442030727863,
          1925.9998779296875
        ],
        [
          0.0,
          0.0,
          0.0,
          1.0
        ]
      ],
      "fx": 1439.4742431640625,
      "fy": 1765.4578857421875,
      "k1": 0.0,
      "k2": 0.0,
      "p1": 0.0,
      "p2": 0.0,
      "k3": 0.0,
      "k4": 0.0,
      "k5": 0.0,
      "k6": 0.0
    },
    "45_10-AXALPW_3": {
      "transform_matrix": [
        [
          0.4492650330066681,
          0.0336734801530838,
          -0.8927637338638306,
          8.041523933410645
        ],
        [
          -0.8910190463066101,
          0.08977314084768295,
          -0.4450009763240814,
          46.709739685058594
        ],
        [
          0.06516147404909134,
          0.9953927993774414,
          0.07033564895391464,
          1925.9998779296875
        ],
        [
          0.0,
          0.0,
          0.0,
          1.0
        ]
      ],
      "fx": 852.8143310546875,
      "fy": 1324.6441650390625,
      "k1": 0.0,
      "k2": 0.0,
      "p1": 0.0,
      "p2": 0.0,
      "k3": 0.0,
      "k4": 0.0,
      "k5": 0.0,
      "k6": 0.0
    }
  },
  "11-GRINDFAUL": {
    "camera_angle_hei": 1.1519173063162575,
    "nbr_frames": 4.0,
    "hei": 2048.0,
    "camera_angle_wid_img": 1.6691408910113876,
    "overlapPix_wid_img": 242.0,
    "degPerPix_wid_img": 0.03113109650639917,
    "cx": 1536.0,
    "cy": 1024.0,
    "wid": 3072.0,
    "46_11-GRINDFAUL_0": {
      "transform_matrix": [
        [
          0.9680017232894897,
          -0.008069662377238274,
          -0.25081366300582886,
          7.999489784240723
        ],
        [
          -0.2507151961326599,
          0.01152021437883377,
          -0.96799236536026,
          46.67496871948242
        ],
        [
          0.010700798593461514,
          0.9999010562896729,
          0.00912840012460947,
          2685.0
        ],
        [
          0.0,
          0.0,
          0.0,
          1.0
        ]
      ],
      "fx": 1879.08935546875,
      "fy": 2438.131103515625,
      "k1": 0.0,
      "k2": 0.0,
      "p1": 0.0,
      "p2": 0.0,
      "k3": 0.0,
      "k4": 0.0,
      "k5": 0.0,
      "k6": 0.0
    },
    "47_11-GRINDFAUL_1": {
      "transform_matrix": [
        [
          -0.3766181170940399,
          0.0012958260485902429,
          -0.9263677000999451,
          7.999489784240723
        ],
        [
          -0.92636638879776,
          -0.0027104204054921865,
          0.3766137957572937,
          46.67496871948242
        ],
        [
          -0.0020228198263794184,
          0.9999954700469971,
          0.002221203176304698,
          2685.0
        ],
        [
          0.0,
          0.0,
          0.0,
          1.0
        ]
      ],
      "fx": 1037.3388671875,
      "fy": 1653.3502197265625,
      "k1": 0.0,
      "k2": 0.0,
      "p1": 0.0,
      "p2": 0.0,
      "k3": 0.0,
      "k4": 0.0,
      "k5": 0.0,
      "k6": 0.0
    },
    "48_11-GRINDFAUL_2": {
      "transform_matrix": [
        [
          -0.9759928584098816,
          -0.0060928273014724255,
          0.2177172750234604,
          7.999489784240723
        ],
        [
