{
  "1-HEISCH": {
    "tilt_angle": 0.0,
    "camera_angle_hei": 0.7923794804054255,
    "nbr_frames": 6.0,
    "hei": 2048.0,
    "camera_angle_wid_img": 1.2309914071208985,
    "overlapPix_wid_img": 551.0,
    "degPerPix_wid_img": 0.02295918367346939,
    "cx": 1536.0,
    "cy": 1024.0,
    "wid": 3072.0,
    "wid_pano": 15680.0,
    "pixel_north_pano": 7161.0,
    "camera_angle_wid_pano": 6.283185307179586,
    "fphi_pano": 2495.549507680919,
    "fy_pano": 2447.9507962958514,
    "cx_pano": 7840.0,
    "cy_pano": 1023.9999999999999,
    "0_1-HEISCH_0": {
      "file_path": "data/2024-10-09/12-00-00/imagesPlane/0_1-HEISCH_0.jpg",
      "fx": 2172.1583290188332,
      "fy": 2447.9507962958514,
      "k1": 0,
      "k2": 0,
      "k3": 0,
      "k4": 0,
      "k5": 0,
      "k6": 0,
      "p1": 0,
      "p2": 0,
      "transform_matrix": [
        [
          -0.7755463389803068,
          -2.220446049250313e-16,
          -0.6312906431226768,
          7.693407
        ],
        [
          -0.6312906431226768,
          4.930380657631324e-32,
          0.7755463389803068,
          46.749611
        ],
        [
          -1.722058804399366e-16,
          1.0,
          -1.4017468144504375e-16,
          1134.0
        ],
        [
          0.0,
          0.0,
          0.0,
          1.0
        ]
      ]
    },
    "1_1-HEISCH_1": {
      "file_path": "data/2024-10-09/12-00-00/imagesPlane/1_1-HEISCH_1.jpg",
      "fx": 2172.1583290188332,
      "fy": 2447.9507962958514,
      "k1": 0,
      "k2": 0,
      "k3": 0,
      "k4": 0,
      "k5": 0,
      "k6": 0,
      "p1": 0,
      "p2": 0,
      "transform_matrix": [
        [
          -0.9470159657616211,
          -2.220446049250313e-16,
          0.3211864888076459,
          7.693407
        ],
        [
          0.3211864888076459,
          4.930380657631324e-32,
          0.9470159657616211,
          46.749611
        ],
        [
          -2.1027978597523615e-16,
          1.0,
          7.131772701455167e-17,
          1134.0
        ],
        [
          0.0,
          0.0,
          0.0,
          1.0
        ]
      ]
    },
    "2_1-HEISCH_2": {
      "file_path": "data/2024-10-09/12-00-00/imagesPlane/2_1-HEISCH_2.jpg",
      "fx": 2172.1583290188332,
      "fy": 2447.9507962958514,
      "k1": 0,
      "k2": 0,
      "k3": 0,
      "k4": 0,
      "k5": 0,
      "k6": 0,
      "p1": 0,
      "p2": 0,
      "transform_matrix": [
        [
          -0.23149668856725827,
          -2.220446049250313e-16,
          0.9728356917704006,
          7.693407
        ],
        [
          0.9728356917704006,
          4.930380657631324e-32,
          0.23149668856725827,
          46.749611
        ],
        [
          -5.1402590754369925e-17,
          1.0,
          2.1601291683612814e-16,
          1134.0
        ],
        [
          0.0,
          0.0,
          0.0,
          1.0
        ]
      ]
    },
    "3_1-HEISCH_3": {
      "file_path": "data/2024-10-09/12-00-00/imagesPlane/3_1-HEISCH_3.jpg",
      "fx": 2172.1583290188332,
      "fy": 2447.9507962958514,
      "k1": 0,
      "k2": 0,
      "k3": 0,
      "k4": 0,
      "k5": 0,
      "k6": 0,
      "p1": 0,
      "p2": 0,
      "transform_matrix": [
        [
          0.7008457484152651,
          -2.220446049250313e-16,
          0.7133128604814629,
          7.693407
        ],
        [
          0.7133128604814629,
          4.930380657631324e-32,
          -0.7008457484152651,
          46.749611
        ],
        [
          1.556190173202554e-16,
          1.0,
          1.5838727229355044e-16,
          1134.0
        ],
        [
          0.0,
          0.0,
          0.0,
          1.0
        ]
      ]
    },
    "4_1-HEISCH_4": {
      "file_path": "data/2024-10-09/12-00-00/imagesPlane/4_1-HEISCH_4.jpg",
      "fx": 2172.1583290188332,
      "fy": 2447.9507962958514,
      "k1": 0,
      "k2": 0,
      "k3": 0,
      "k4": 0,
      "k5": 0,
      "k6": 0,
      "p1": 0,
      "p2": 0,
      "transform_matrix": [
        [
          0.9767658813208723,
          -2.220446049250313e-16,
          -0.21430915306505138,
          7.693407
        ],
        [
          -0.21430915306505138,
          4.930380657631324e-32,
          -0.9767658813208723,
          46.749611
        ],
        [
          2.168855942221431e-16,
          1.0,
          -4.758619122414735e-17,
          1134.0
        ],
        [
          0.0,
          0.0,
          0.0,
          1.0
        ]
      ]
    },
    "5_1-HEISCH_5": {
      "file_path": "data/2024-10-09/12-00-00/imagesPlane/5_1-HEISCH_5.jpg",
      "fx": 2172.1583290188332,
      "fy": 2447.9507962958514,
      "k1": 0,
      "k2": 0,
      "k3": 0,
      "k4": 0,
      "k5": 0,
      "k6": 0,
      "p1": 0,
      "p2": 0,
      "transform_matrix": [
        [
          0.3367012019939898,
          -2.220446049250313e-16,
          -0.9416115444151066,
          7.693407
        ],
        [
          -0.9416115444151066,
          4.930380657631324e-32,
          -0.3367012019939898,
          46.749611
        ],
        [
          7.476268537453867e-17,
          1.0,
          -2.090797633725009e-16,
          1134.0
        ],
        [
          0.0,
          0.0,
          0.0,
          1.0
        ]
      ]
    }
  },
  "2-BSPIEZ": {
    "tilt_angle": 0.0,
    "camera_angle_hei": 0.7435102613495844,
    "nbr_frames": 3.0,
    "hei": 2048.0,
    "camera_angle_wid_img": 1.1654075051716954,
    "overlapPix_wid_img": 1158.0,
    "degPerPix_wid_img": 0.0217359802927112,
    "cx": 1536.0,
    "cy": 1022.0,
    "wid": 3072.0,
    "wid_pano": 6901.0,
    "pixel_north_pano": 0.0,
    "camera_angle_wid_pano": 2.6179938779914944,
    "fphi_pano": 2635.987829465207,
    "fy_pano": 2626.4241852817963,
    "cx_pano": 3450.5,
    "cy_pano": 1024.0,
    "6_2-BSPIEZ_0": {
      "file_path": "data/2024-10-09/12-00-00/imagesPlane/6_2-BSPIEZ_0.jpg",
      "fx": 2330.664046772312,
      "fy": 2626.4241852817963,
      "k1": 0,
      "k2": 0,
      "k3": 0,
      "k4": 0,
      "k5": 0,
      "k6": 0,
      "p1": 0,
      "p2": 0,
      "transform_matrix": [
        [
          0.5502835189866186,
          -2.2204460492503136e-16,
          0.8349778731988675,
          7.6819
        ],
        [
          0.8349778731988675,
          4.930380657631325e-32,
          -0.5502835189866186,
          46.68726
        ],
        [
          1.2218748657013965e-16,
          1.0000000000000002,
          1.8540233197558545e-16,
          599.0
        ],
        [
          0.0,
          0.0,
          0.0,
          1.0
        ]
      ]
    },
    "7_2-BSPIEZ_1": {
      "file_path": "data/2024-10-09/12-00-00/imagesPlane/7_2-BSPIEZ_1.jpg",
      "fx": 2330.664046772312,
      "fy": 2626.4241852817963,
      "k1": 0,
      "k2": 0,
      "k3": 0,
      "k4": 0,
      "k5": 0,
      "k6": 0,
      "p1": 0,
      "p2": 0,
      "transform_matrix": [
        [
          0.9658767155439182,
          -2.220446049250313e-16,
          0.2590022593918689,
          7.6819
        ],
        [
          0.2590022593918689,
          4.930380657631324e-32,
          -0.9658767155439182,
          46.68726
        ],
        [
          2.1446771370923613e-16,
          1.0,
          5.751005436135806e-17,
          599.0
        ],
        [
          0.0,
          0.0,
          0.0,
          1.0
        ]
      ]
    },
    "8_2-BSPIEZ_2": {
      "file_path": "data/2024-10-09/12-00-00/imagesPlane/8_2-BSPIEZ_2.jpg",
      "fx": 2330.664046772312,
      "fy": 2626.4241852817963,
      "k1": 0,
      "k2": 0,
      "k3": 0,
      "k4": 0,
      "k5": 0,
      "k6": 0,
      "p1": 0,
      "p2": 0,
      "transform_matrix": [
        [
          0.8940484433257416,
          -2.220446049250313e-16,
          -0.447970290294812,
          7.6819
        ],
        [
          -0.447970290294812,
          4.930380657631324e-32,
          -0.8940484433257416,
          46.68726
        ],
        [
          1.9851863338210357e-16,
          1.0,
          -9.946938612666307e-17,
          599.0
        ],
        [
          0.0,
          0.0,
          0.0,
          1.0
        ]
      ]
    }
  },
  "3-NIEDH": {
    "tilt_angle": 0.017453292519943295,
    "camera_angle_hei": 0.7923794804054255,
    "nbr_frames": 6.0,
    "hei": 2048.0,
    "camera_angle_wid_img": 1.2309914071208985,
    "overlapPix_wid_img": 551.0,
    "degPerPix_wid_img": 0.02295918367346939,
    "cx": 1536.0,
    "cy": 1024.0,
    "wid": 3072.0,
    "wid_pano": 15680.0,
    "pixel_north_pano": 14800.0,
    "camera_angle_wid_pano": 6.283185307179586,
    "fphi_pano": 2495.549507680919,
    "fy_pano": 2447.9507962958514,
    "cx_pano": 7840.0,
    "cy_pano": 974.1579367967596,
    "9_3-NIEDH_0": {
      "file_path": "data/2024-10-09/12-00-00/imagesPlane/9_3-NIEDH_0.jpg",
      "fx": 2172.1583290188332,
      "fy": 2447.9507962958514,
      "k1": 0,
      "k2": 0,
      "k3": 0,
      "k4": 0,
      "k5": 0,
      "k6": 0,
      "p1": 0,
      "p2": 0,
      "transform_matrix": [
        [
          0.823823448955722,
          0.009892835049702392,
          0.5667601404168948,
          7.775161
        ],
        [
          0.5668464738804493,
          -0.014377701663739946,
          -0.8236979766541676,
          46.71056
        ],
        [
          1.8379291398933837e-16,
          0.9998476951563913,
          -0.017452406437283387,
          1948.0
        ],
        [
          0.0,
          0.0,
          0.0,
          1.0
        ]
      ]
    },
    "10_3-NIEDH_1": {
      "file_path": "data/2024-10-09/12-00-00/imagesPlane/10_3-NIEDH_1.jpg",
      "fx": 2172.1583290188332,
      "fy": 2447.9507962958514,
      "k1": 0,
      "k2": 0,
      "k3": 0,
      "k4": 0,
      "k5": 0,
      "k6": 0,
      "p1": 0,
      "p2": 0,
      "transform_matrix": [
        [
          0.9181043824300587,
          -0.006917063591438038,
          -0.3962783077509955,
          7.775161
        ],
        [
          -0.39633867205045825,
          -0.016023130834020557,
          -0.9179645506856761,
          46.71056
        ],
        [
          2.0212540140064545e-16,
          0.9998476951563913,
          -0.0174524064372836,
          1948.0
        ],
        [
          0.0,
          0.0,
          0.0,
          1.0
        ]
      ]
    },
    "11_3-NIEDH_2": {
      "file_path": "data/2024-10-09/12-00-00/imagesPlane/11_3-NIEDH_2.jpg",
      "fx": 2172.1583290188332,
      "fy": 2447.9507962958514,
      "k1": 0,
      "k2": 0,
      "k3": 0,
      "k4": 0,
      "k5": 0,
      "k6": 0,
      "p1": 0,
      "p2": 0,
      "transform_matrix": [
        [
          0.15247542066627406,
          -0.0172483400387433,
          -0.9881567390138825,
          7.775161
        ],
        [
          -0.9883072629970108,
          -0.002661063013163593,
          -0.15245219792117531,
          46.71056
        ],
        [
          3.429002541161503e-17,
          0.9998476951563912,
          -0.01745240643728373,
          1948.0
        ],
        [
          0.0,
          0.0,
          0.0,
          1.0
        ]
      ]
    },
    "12_3-NIEDH_3": {
      "file_path": "data/2024-10-09/12-00-00/imagesPlane/12_3-NIEDH_3.jpg",
      "fx": 2172.1583290188332,
      "fy": 2447.9507962958514,
      "k1": 0,
      "k2": 0,
      "k3": 0,
      "k4": 0,
      "k5": 0,
      "k6": 0,
      "p1": 0,
      "p2": 0,
      "transform_matrix": [
        [
          -0.7559642339998639,
          -0.011424570764025817,
          -0.654513220718922,
          7.775161
        ],
        [
          -0.6546129214375459,
          0.013193395063815323,
          0.7558490969854307,
          46.71056
        ],
        [
          -1.6872514141394208e-16,
          0.9998476951563912,
          -0.017452406437283657,
          1948.0
        ],
        [
          0.0,
          0.0,
          0.0,
          1.0
        ]
      ]
    },
    "13_3-NIEDH_4": {
      "file_path": "data/2024-10-09/12-00-00/imagesPlane/13_3-NIEDH_4.jpg",
      "fx": 2172.1583290188332,
      "fy": 2447.9507962958514,
      "k1": 0,
      "k2": 0,
      "k3": 0,
      "k4": 0,
      "k5": 0,
      "k6": 0,
      "p1": 0,
      "p2": 0,
      "transform_matrix": [
        [
          -0.9563568106834381,
          0.0050996173702892045,
          0.2921568834754355,
          7.775161
        ],
        [
          0.29220138716200944,
          0.016690727759111568,
          0.9562111529089528,
          46.71056
        ],
        [
          -2.106191467195902e-16,
          0.9998476951563913,
          -0.017452406437283446,
          1948.0
        ],
        [
          0.0,
          0.0,
          0.0,
          1.0
        ]
      ]
    },
    "14_3-NIEDH_5": {
      "file_path": "data/2024-10-09/12-00-00/imagesPlane/14_3-NIEDH_5.jpg",
      "fx": 2172.1583290188332,
      "fy": 2447.9507962958514,
      "k1": 0,
      "k2": 0,
      "k3": 0,
      "k4": 0,
      "k5": 0,
      "k6": 0,
      "p1": 0,
      "p2": 0,
      "transform_matrix": [
        [
          -0.2598510554676526,
          0.016852893743108617,
          0.9655016359099712,
          7.775161
        ],
        [
          0.965648708885559,
          0.004535026233178575,
          0.259811478893288,
          46.71056
        ],
        [
          -5.726484408167316e-17,
          0.9998476951563913,
          -0.017452406437283297,
          1948.0
        ],
        [
          0.0,
          0.0,
          0.0,
          1.0
        ]
      ]
    }
  },
  "4-FLSPA": {
    "tilt_angle": 0.0,
    "camera_angle_hei": 1.0960667702524387,
    "nbr_frames": 3.0,
    "hei": 2048.0,
    "camera_angle_wid_img": 1.7964296135991122,
    "overlapPix_wid_img": 729.0,
    "degPerPix_wid_img": 0.03350515463917526,
    "cx": 1536.0,
    "cy": 1024.0,
    "wid": 3072.0,
    "wid_pano": 7760.0,
    "pixel_north_pano": 687.0,
    "camera_angle_wid_pano": 4.537856055185257,
    "fphi_pano": 1710.0586500827646,
    "fy_pano": 1677.5813017548624,
    "cx_pano": 3880.0,
    "cy_pano": 1024.0,
    "15_4-FLSPA_0": {
      "file_path": "data/2024-10-09/12-00-00/imagesPlane/15_4-FLSPA_0.jpg",
      "fx": 1223.369701635155,
      "fy": 1677.5813017548624,
      "k1": 0,
      "k2": 0,
      "k3": 0,
      "k4": 0,
      "k5": 0,
      "k6": 0,
      "p1": 0,
      "p2": 0,
      "transform_matrix": [
        [
          0.4763283843581791,
          -2.220446049250313e-16,
          0.879267462297296,
          7.951246
        ],
        [
          0.879267462297296,
          4.930380657631324e-32,
          -0.4763283843581791,
          46.731035
        ],
        [
          1.0576614791939029e-16,
          1.0,
          1.9523659628923798e-16,
          590.0
        ],
        [
          0.0,
          0.0,
          0.0,
          1.0
        ]
      ]
    },
    "16_4-FLSPA_1": {
      "file_path": "data/2024-10-09/12-00-00/imagesPlane/16_4-FLSPA_1.jpg",
      "fx": 1223.369701635155,
      "fy": 1677.5813017548624,
      "k1": 0,
      "k2": 0,
      "k3": 0,
      "k4": 0,
      "k5": 0,
      "k6": 0,
      "p1": 0,
      "p2": 0,
      "transform_matrix": [
        [
          0.9565674023694587,
          -2.220446049250313e-16,
          -0.2915112428777768,
          7.951246
        ],
        [
          -0.2915112428777768,
          4.930380657631324e-32,
          -0.9565674023694587,
          46.731035
        ],
        [
          2.1240063094328994e-16,
          1.0,
          -6.472849875600075e-17,
          590.0
        ],
        [
          0.0,
          0.0,
          0.0,
          1.0
        ]
      ]
    },
    "17_4-FLSPA_2": {
      "file_path": "data/2024-10-09/12-00-00/imagesPlane/17_4-FLSPA_2.jpg",
      "fx": 1223.369701635155,
      "fy": 1677.5813017548624,
      "k1": 0,
      "k2": 0,
      "k3": 0,
      "k4": 0,
      "k5": 0,
      "k6": 0,
      "p1": 0,
      "p2": 0,
      "transform_matrix": [
        [
          -0.09615917711190908,
          -2.220446049250313e-16,
          -0.9953659692078892,
          7.951246
        ],
        [
          -0.9953659692078892,
          4.930380657631324e-32,
          0.09615917711190908,
          46.731035
        ],
        [
          -2.1351626491729915e-17,
          1.0,
          -2.2101564338858664e-16,
          590.0
        ],
        [
          0.0,
          0.0,
          0.0,
          1.0
        ]
      ]
    }
  },
  "5-MEIKAES": {
    "tilt_angle": 0.017453292519943295,
    "camera_angle_hei": 1.0960667702524387,
    "nbr_frames": 4.0,
    "hei": 2048.0,
    "camera_angle_wid_img": 1.7920290839899442,
    "overlapPix_wid_img": 506.0,
    "degPerPix_wid_img": 0.03342308049391886,
    "cx": 1536.0,
    "cy": 1024.0,
    "wid": 3072.0,
    "wid_pano": 10771.0,
    "pixel_north_pano": 221.0,
    "camera_angle_wid_pano": 6.283185307179586,
    "fphi_pano": 1714.2578920428048,
    "fy_pano": 1677.5813017548624,
    "cx_pano": 5385.5,
    "cy_pano": 984.2311038693914,
    "18_5-MEIKAES_0": {
      "file_path": "data/2024-10-09/12-00-00/imagesPlane/18_5-MEIKAES_0.jpg",
      "fx": 1228.9028874453916,
      "fy": 1677.5813017548624,
      "k1": 0,
      "k2": 0,
      "k3": 0,
      "k4": 0,
      "k5": 0,
      "k6": 0,
      "p1": 0,
      "p2": 0,
      "transform_matrix": [
        [
          0.6940473374376617,
          0.012564499918131218,
          0.7198197182194304,
          8.218772
        ],
        [
          0.7199293669490728,
          -0.012112796219676529,
          -0.6939416306664761,
          46.757572
        ],
        [
          1.5497682857860386e-16,
          0.9998476951563913,
          -0.017452406437283352,
          1833.0
        ],
        [
          0.0,
          0.0,
          0.0,
          1.0
        ]
      ]
    },
    "19_5-MEIKAES_1": {
      "file_path": "data/2024-10-09/12-00-00/imagesPlane/19_5-MEIKAES_1.jpg",
      "fx": 1228.9028874453916,
      "fy": 1677.5813017548624,
      "k1": 0,
      "k2": 0,
      "k3": 0,
      "k4": 0,
      "k5": 0,
      "k6": 0,
      "p1": 0,
      "p2": 0,
      "transform_matrix": [
        [
          0.7692325740349104,
          -0.011151544832642881,
          -0.6388715755857914,
          8.218772
        ],
        [
          -0.6389688936432087,
          -0.013424959526855034,
          -0.7691154161880231,
          46.757572
        ],
        [
          1.699365812590582e-16,
          0.9998476951563913,
          -0.017452406437283654,
          1833.0
        ],
        [
          0.0,
          0.0,
          0.0,
          1.0
        ]
      ]
    },
    "20_5-MEIKAES_2": {
      "file_path": "data/2024-10-09/12-00-00/imagesPlane/20_5-MEIKAES_2.jpg",
      "fx": 1228.9028874453916,
      "fy": 1677.5813017548624,
      "k1": 0,
      "k2": 0,
      "k3": 0,
      "k4": 0,
      "k5": 0,
      "k6": 0,
      "p1": 0,
      "p2": 0,
      "transform_matrix": [
        [
          -0.5803988419009618,
          -0.01421205923363509,
          -0.8142083281890219,
          8.218772
        ],
        [
          -0.8143323549509881,
          0.01012935648458424,
          0.5803104443461153,
          46.757572
        ],
        [
          -1.2887443154884472e-16,
          0.999847695156391,
          -0.01745240643728369,
          1833.0
        ],
        [
          0.0,
          0.0,
          0.0,
          1.0
        ]
      ]
    },
    "21_5-MEIKAES_3": {
      "file_path": "data/2024-10-09/12-00-00/imagesPlane/21_5-MEIKAES_3.jpg",
      "fx": 1228.9028874453916,
      "fy": 1677.5813017548624,
      "k1": 0,
      "k2": 0,
      "k3": 0,
      "k4": 0,
      "k5": 0,
      "k6": 0,
      "p1": 0,
      "p2": 0,
      "transform_matrix": [
        [
          -0.8546795641790769,
          0.009060519671436947,
          0.5190768243313766,
          8.218772
        ],
        [
          0.5191558942886647,
          0.014916215127693587,
          0.854549392341719,
          46.757572
        ],
        [
          -1.906443479036295e-16,
          0.9998476951563913,
          -0.017452406437283397,
          1833.0
        ],
        [
          0.0,
          0.0,
          0.0,
          1.0
        ]
      ]
    }
  },
  "6-MEIMAEG": {
    "tilt_angle": 0.0,
    "camera_angle_hei": 1.0960667702524387,
    "nbr_frames": 4.0,
    "hei": 2048.0,
    "camera_angle_wid_img": 1.7920290839899442,
    "overlapPix_wid_img": 506.0,
    "degPerPix_wid_img": 0.03342308049391886,
    "cx": 1536.0,
    "cy": 1024.0,
    "wid": 3072.0,
    "wid_pano": 10771.0,
    "pixel_north_pano": 5703.0,
    "camera_angle_wid_pano": 6.283185307179586,
    "fphi_pano": 1714.2578920428048,
    "fy_pano": 1677.5813017548624,
    "cx_pano": 5385.5,
    "cy_pano": 1024.0,
    "22_6-MEIMAEG_0": {
      "file_path": "data/2024-10-09/12-00-00/imagesPlane/22_6-MEIMAEG_0.jpg",
      "fx": 1228.9028874453916,
      "fy": 1677.5813017548624,
      "k1": 0,
      "k2": 0,
      "k3": 0,
      "k4": 0,
      "k5": 0,
      "k6": 0,
      "p1": 0,
      "p2": 0,
      "transform_matrix": [
        [
          -0.6524426790385239,
          -2.220446049250313e-16,
          -0.7578380767479515,
          8.236862
        ],
        [
          -0.7578380767479515,
          4.930380657631324e-32,
          0.6524426790385239,
          46.749265
        ],
        [
          -1.44871376903338e-16,
          1.0,
          -1.6827385634864446e-16,
          1719.0
        ],
        [
          0.0,
          0.0,
          0.0,
          1.0
        ]
      ]
    },
    "23_6-MEIMAEG_1": {
      "file_path": "data/2024-10-09/12-00-00/imagesPlane/23_6-MEIMAEG_1.jpg",
      "fx": 1228.9028874453916,
      "fy": 1677.5813017548624,
      "k1": 0,
      "k2": 0,
      "k3": 0,
      "k4": 0,
      "k5": 0,
      "k6": 0,
      "p1": 0,
      "p2": 0,
      "transform_matrix": [
        [
          -0.8039643166445465,
          -2.220446049250313e-16,
          0.5946775408255027,
          8.236862
        ],
        [
          0.5946775408255027,
          4.930380657631324e-32,
          0.8039643166445465,
          46.749265
        ],
        [
          -1.7851593906316112e-16,
          1.0,
          1.3204493961038788e-16,
          1719.0
        ],
        [
          0.0,
          0.0,
          0.0,
          1.0
        ]
      ]
    },
    "24_6-MEIMAEG_2": {
      "file_path": "data/2024-10-09/12-00-00/imagesPlane/24_6-MEIMAEG_2.jpg",
      "fx": 1228.9028874453916,
      "fy": 1677.5813017548624,
      "k1": 0,
      "k2": 0,
      "k3": 0,
      "k4": 0,
      "k5": 0,
      "k6": 0,
      "p1": 0,
      "p2": 0,
      "transform_matrix": [
        [
          0.533662822157818,
          -2.2204460492503128e-16,
          0.8456973408061261,
          8.236862
        ],
        [
          0.8456973408061261,
          4.930380657631323e-32,
          -0.533662822157818,
          46.749265
        ],
        [
          1.184969505092099e-16,
          0.9999999999999999,
          1.8778253192544586e-16,
          1719.0
        ],
        [
          0.0,
          0.0,
          0.0,
          1.0
        ]
      ]
    },
    "25_6-MEIMAEG_3": {
      "file_path": "data/2024-10-09/12-00-00/imagesPlane/25_6-MEIMAEG_3.jpg",
      "fx": 1228.9028874453916,
      "fy": 1677.5813017548624,
      "k1": 0,
      "k2": 0,
      "k3": 0,
      "k4": 0,
      "k5": 0,
      "k6": 0,
      "p1": 0,
      "p2": 0,
      "transform_matrix": [
        [
          0.8825349366443659,
          -2.220446049250313e-16,
          -0.47024683476034684,
          8.236862
        ],
        [
          -0.47024683476034684,
          4.930380657631324e-32,
          -0.8825349366443659,
          46.749265
        ],
        [
          1.9596212133973578e-16,
          1.0,
          -1.0441577264160765e-16,
          1719.0
        ],
        [
          0.0,
          0.0,
          0.0,
          1.0
        ]
      ]
    }
  },
  "7-MEIALPT": {
    "tilt_angle": 0.017453292519943295,
    "camera_angle_hei": 0.7923794804054255,
    "nbr_frames": 6.0,
    "hei": 2048.0,
    "camera_angle_wid_img": 1.1557358998656182,
    "overlapPix_wid_img": 347.0,
    "degPerPix_wid_img": 0.02155559547332495,
    "cx": 1536.0,
    "cy": 1024.0,
    "wid": 3072.0,
    "wid_pano": 16701.0,
    "pixel_north_pano": 10540.0,
    "camera_angle_wid_pano": 6.283185307179586,
    "fphi_pano": 2658.046704577744,
    "fy_pano": 2447.9507962958514,
    "cx_pano": 8350.5,
    "cy_pano": 974.1579367967596,
    "26_7-MEIALPT_0": {
      "file_path": "data/2024-10-09/12-00-00/imagesPlane/26_7-MEIALPT_0.jpg",
      "fx": 2355.374950780554,
      "fy": 2447.9507962958514,
      "k1": 0,
      "k2": 0,
      "k3": 0,
      "k4": 0,
      "k5": 0,
      "k6": 0,
      "p1": 0,
      "p2": 0,
      "transform_matrix": [
        [
          0.24338786638605733,
          -0.016927595856138362,
          -0.9697813170991563,
          8.255035
        ],
        [
          -0.9699290419902082,
          -0.004247703966072727,
          -0.24335079723513112,
          46.736775
        ],
        [
          5.447664350423266e-17,
          0.9998476951563915,
          -0.01745240643728373,
          2245.0
        ],
        [
          0.0,
          0.0,
          0.0,
          1.0
        ]
      ]
    },
    "27_7-MEIALPT_1": {
      "file_path": "data/2024-10-09/12-00-00/imagesPlane/27_7-MEIALPT_1.jpg",
      "fx": 2355.374950780554,
      "fy": 2447.9507962958514,
      "k1": 0,
      "k2": 0,
      "k3": 0,
      "k4": 0,
      "k5": 0,
      "k6": 0,
      "p1": 0,
      "p2": 0,
      "transform_matrix": [
        [
          -0.7028041434233981,
          -0.012415352158284817,
          -0.7112750487804906,
          8.255035
        ],
        [
          -0.7113833959173517,
          0.012265623556832039,
          0.7026971029482464,
          46.736775
        ],
        [
          -1.5692123010411186e-16,
          0.9998476951563912,
          -0.01745240643728367,
          2245.0
        ],
        [
          0.0,
          0.0,
          0.0,
          1.0
        ]
      ]
    },
    "28_7-MEIALPT_2": {
      "file_path": "data/2024-10-09/12-00-00/imagesPlane/28_7-MEIALPT_2.jpg",
      "fx": 2355.374950780554,
      "fy": 2447.9507962958514,
      "k1": 0,
      "k2": 0,
      "k3": 0,
      "k4": 0,
      "k5": 0,
      "k6": 0,
      "p1": 0,
      "p2": 0,
      "transform_matrix": [
        [
          -0.9728105968920837,
          0.004042014352054337,
          0.2315668471401846,
          8.255035
        ],
        [
          0.23160212126504331,
          0.016977885923457017,
          0.9726624331262632,
          46.736775
        ],
        [
          -2.1600734465378662e-16,
          0.9998476951563912,
          -0.01745240643728346,
          2245.0
        ],
        [
          0.0,
          0.0,
          0.0,
          1.0
        ]
      ]
    },
    "29_7-MEIALPT_3": {
      "file_path": "data/2024-10-09/12-00-00/imagesPlane/29_7-MEIALPT_3.jpg",
      "fx": 2355.374950780554,
      "fy": 2447.9507962958514,
      "k1": 0,
      "k2": 0,
      "k3": 0,
      "k4": 0,
      "k5": 0,
      "k6": 0,
      "p1": 0,
      "p2": 0,
      "transform_matrix": [
        [
          -0.30685148893210856,
          0.016610457114636323,
          0.9516124507669028,
          8.255035
        ],
        [
          0.9517574080300863,
          0.005355296900728763,
          0.3068047539640757,
          46.736775
        ],
        [
          -6.856839849958191e-17,
          0.9998476951563913,
          -0.0174524064372833,
          2245.0
        ],
        [
          0.0,
          0.0,
          0.0,
          1.0
        ]
      ]
    },
    "30_7-MEIALPT_4": {
      "file_path": "data/2024-10-09/12-00-00/imagesPlane/30_7-MEIALPT_4.jpg",
      "fx": 2355.374950780554,
      "fy": 2447.9507962958514,
      "k1": 0,
      "k2": 0,
      "k3": 0,
      "k4": 0,
      "k5": 0,
      "k6": 0,
      "p1": 0,
      "p2": 0,
      "transform_matrix": [
        [
          0.6543371601442054,
          0.013197560993209286,
          0.7560877629205801,
          8.255035
        ],
        [
          0.7562029362905284,
          -0.011419758065854543,
          -0.6542375014253623,
          46.736775
        ],
        [
          1.4615939794997538e-16,
          0.9998476951563914,
          -0.017452406437283345,
          2245.0
        ],
        [
          0.0,
          0.0,
          0.0,
          1.0
        ]
      ]
    },
    "31_7-MEIALPT_5": {
      "file_path": "data/2024-10-09/12-00-00/imagesPlane/31_7-MEIALPT_5.jpg",
      "fx": 2355.374950780554,
      "fy": 2447.9507962958514,
      "k1": 0,
      "k2": 0,
      "k3": 0,
      "k4": 0,
      "k5": 0,
      "k6": 0,
      "p1": 0,
      "p2": 0,
      "transform_matrix": [
        [
          0.985719259039195,
          -0.0029389325111414447,
          -0.16837133079867206,
          8.255035
        ],
        [
          -0.1683969784741428,
          -0.01720317314180998,
          -0.9855691292216049,
          46.736775
        ],
        [
          2.1887364344035265e-16,
          0.9998476951563915,
          -0.017452406437283553,
          2245.0
        ],
        [
          0.0,
          0.0,
          0.0,
          1.0
        ]
      ]
    }
  },
  "8-MELCHDRF": {
    "tilt_angle": 0.0,
    "camera_angle_hei": 1.0960667702524387,
    "nbr_frames": 4.0,
    "hei": 2048.0,
    "camera_angle_wid_img": 1.7920290839899442,
    "overlapPix_wid_img": 506.0,
    "degPerPix_wid_img": 0.03342308049391886,
    "cx": 1536.0,
    "cy": 1024.0,
    "wid": 3072.0,
    "wid_pano": 10771.0,
    "pixel_north_pano": 2094.0,
    "camera_angle_wid_pano": 6.283185307179586,
    "fphi_pano": 1714.2578920428048,
    "fy_pano": 1677.5813017548624,
    "cx_pano": 5385.5,
    "cy_pano": 1024.0,
    "32_8-MELCHDRF_0": {
      "file_path": "data/2024-10-09/12-00-00/imagesPlane/32_8-MELCHDRF_0.jpg",
      "fx": 1228.9028874453916,
      "fy": 1677.5813017548624,
      "k1": 0,
      "k2": 0,
      "k3": 0,
      "k4": 0,
      "k5": 0,
      "k6": 0,
      "p1": 0,
      "p2": 0,
      "transform_matrix": [
        [
          -0.3197875767199351,
          -2.2204460492503128e-16,
          0.947489264200704,
          8.269262
        ],
        [
          0.947489264200704,
          4.930380657631323e-32,
          0.3197875767199351,
          46.775888
        ],
        [
          -7.100710613271117e-17,
          0.9999999999999999,
          2.103848793401539e-16,
          1945.0
        ],
        [
          0.0,
          0.0,
          0.0,
          1.0
        ]
      ]
    },
    "33_8-MELCHDRF_1": {
      "file_path": "data/2024-10-09/12-00-00/imagesPlane/33_8-MELCHDRF_1.jpg",
      "fx": 1228.9028874453916,
      "fy": 1677.5813017548624,
      "k1": 0,
      "k2": 0,
      "k3": 0,
      "k4": 0,
      "k5": 0,
      "k6": 0,
      "p1": 0,
      "p2": 0,
      "transform_matrix": [
        [
          0.9212773748999625,
          -2.220446049250313e-16,
          0.38890615641493004,
          8.269262
        ],
        [
          0.38890615641493004,
          4.930380657631324e-32,
          -0.9212773748999625,
          46.775888
        ],
        [
          2.045646707360321e-16,
          1.0,
          8.635451385406562e-17,
          1945.0
        ],
        [
          0.0,
          0.0,
          0.0,
          1.0
        ]
      ]
    },
    "34_8-MELCHDRF_2": {
      "file_path": "data/2024-10-09/12-00-00/imagesPlane/34_8-MELCHDRF_2.jpg",
      "fx": 1228.9028874453916,
      "fy": 1677.5813017548624,
      "k1": 0,
      "k2": 0,
      "k3": 0,
      "k4": 0,
      "k5": 0,
      "k6": 0,
      "p1": 0,
      "p2": 0,
      "transform_matrix": [
        [
          0.45589958128596764,
          -2.2204460492503128e-16,
          -0.8900312195554037,
          8.269262
        ],
        [
          -0.8900312195554037,
          4.930380657631323e-32,
          -0.45589958128596764,
          46.775888
        ],
        [
          1.0123004241212993e-16,
          0.9999999999999999,
          -1.9762663051712338e-16,
          1945.0
        ],
        [
          0.0,
          0.0,
          0.0,
          1.0
        ]
      ]
    },
    "35_8-MELCHDRF_3": {
      "file_path": "data/2024-10-09/12-00-00/imagesPlane/35_8-MELCHDRF_3.jpg",
      "fx": 1228.9028874453916,
      "fy": 1677.5813017548624,
      "k1": 0,
      "k2": 0,
      "k3": 0,
      "k4": 0,
      "k5": 0,
      "k6": 0,
      "p1": 0,
      "p2": 0,
      "transform_matrix": [
        [
          -0.8542249682643035,
          -2.220446049250313e-16,
          -0.5199035522035309,
          8.269262
        ],
        [
          -0.5199035522035309,
          4.930380657631324e-32,
          0.8542249682643035,
          46.775888
        ],
        [
          -1.8967604559534465e-16,
          1.0,
          -1.1544177884815346e-16,
          1945.0
        ],
        [
          0.0,
          0.0,
          0.0,
          1.0
        ]
      ]
    }
  },
  "9-MELCHBONI": {
    "tilt_angle": 0.0,
    "camera_angle_hei": 0.7923794804054255,
    "nbr_frames": 6.0,
    "hei": 2048.0,
    "camera_angle_wid_img": 1.2288753589899846,
    "overlapPix_wid_img": 545.0,
    "degPerPix_wid_img": 0.022919717323486345,
    "cx": 1536.0,
    "cy": 1024.0,
    "wid": 3072.0,
    "wid_pano": 15707.0,
    "pixel_north_pano": 3927.0,
    "camera_angle_wid_pano": 6.283185307179586,
    "fphi_pano": 2499.8466911444,
    "fy_pano": 2447.9507962958514,
    "cx_pano": 7853.5,
    "cy_pano": 1023.9999999999999,
    "36_9-MELCHBONI_0": {
      "file_path": "data/2024-10-09/12-00-00/imagesPlane/36_9-MELCHBONI_0.jpg",
      "fx": 2177.040790421538,
      "fy": 2447.9507962958514,
      "k1": 0,
      "k2": 0,
      "k3": 0,
      "k4": 0,
      "k5": 0,
      "k6": 0,
      "p1": 0,
      "p2": 0,
      "transform_matrix": [
        [
          -0.8171554027213808,
          -2.220446049250313e-16,
          0.5764174249649798,
          8.289915
        ],
        [
          0.5764174249649798,
          4.930380657631324e-32,
          0.8171554027213808,
          46.777667
        ],
        [
          -1.8144494855962387e-16,
          1.0,
          1.2799037939825278e-16,
          2173.0
        ],
        [
          0.0,
          0.0,
          0.0,
          1.0
        ]
      ]
    },
    "37_9-MELCHBONI_1": {
      "file_path": "data/2024-10-09/12-00-00/imagesPlane/37_9-MELCHBONI_1.jpg",
      "fx": 2177.040790421538,
      "fy": 2447.9507962958514,
      "k1": 0,
      "k2": 0,
      "k3": 0,
      "k4": 0,
      "k5": 0,
      "k6": 0,
      "p1": 0,
      "p2": 0,
      "transform_matrix": [
        [
          0.05437650370894594,
          -2.2204460492503128e-16,
          0.9985205034672001,
          8.289915
        ],
        [
          0.9985205034672001,
          4.930380657631323e-32,
          -0.05437650370894594,
          46.777667
        ],
        [
          1.2074009283257352e-17,
          0.9999999999999999,
          2.217160907019178e-16,
          2173.0
        ],
        [
          0.0,
          0.0,
          0.0,
          1.0
        ]
      ]
    },
    "38_9-MELCHBONI_2": {
      "file_path": "data/2024-10-09/12-00-00/imagesPlane/38_9-MELCHBONI_2.jpg",
      "fx": 2177.040790421538,
      "fy": 2447.9507962958514,
      "k1": 0,
      "k2": 0,
      "k3": 0,
      "k4": 0,
      "k5": 0,
      "k6": 0,
      "p1": 0,
      "p2": 0,
      "transform_matrix": [
        [
          0.8749174488440529,
          -2.220446049250313e-16,
          0.48427209057327897,
          8.289915
        ],
        [
          0.48427209057327897,
          4.930380657631324e-32,
          -0.8749174488440529,
          46.777667
        ],
        [
          1.9427069927059398e-16,
          1.0,
          1.0753000502756274e-16,
          2173.0
        ],
        [
          0.0,
          0.0,
          0.0,
          1.0
        ]
      ]
    },
    "39_9-MELCHBONI_3": {
      "file_path": "data/2024-10-09/12-00-00/imagesPlane/39_9-MELCHBONI_3.jpg",
      "fx": 2177.040790421538,
      "fy": 2447.9507962958514,
      "k1": 0,
      "k2": 0,
      "k3": 0,
      "k4": 0,
      "k5": 0,
      "k6": 0,
      "p1": 0,
      "p2": 0,
      "transform_matrix": [
        [
          0.8750142917008467,
          -2.220446049250313e-16,
          -0.48409708666678175,
          8.289915
        ],
        [
          -0.48409708666678175,
          4.930380657631324e-32,
          -0.8750142917008467,
          46.777667
        ],
        [
          1.9429220270447062e-16,
          1.0,
          -1.0749114635428415e-16,
          2173.0
        ],
        [
          0.0,
          0.0,
          0.0,
          1.0
        ]
      ]
    },
    "40_9-MELCHBONI_4": {
      "file_path": "data/2024-10-09/12-00-00/imagesPlane/40_9-MELCHBONI_4.jpg",
      "fx": 2177.040790421538,
      "fy": 2447.9507962958514,
      "k1": 0,
      "k2": 0,
      "k3": 0,
      "k4": 0,
      "k5": 0,
      "k6": 0,
      "p1": 0,
      "p2": 0,
      "transform_matrix": [
        [
          0.0545762189679582,
          -2.2204460492503128e-16,
          -0.9985096075267185,
          8.289915
        ],
        [
          -0.9985096075267185,
          4.930380657631323e-32,
          -0.0545762189679582,
          46.777667
        ],
        [
          1.2118354979042328e-17,
          0.9999999999999999,
          -2.2171367131711827e-16,
          2173.0
        ],
        [
          0.0,
          0.0,
          0.0,
          1.0
        ]
      ]
    },
    "41_9-MELCHBONI_5": {
      "file_path": "data/2024-10-09/12-00-00/imagesPlane/41_9-MELCHBONI_5.jpg",
      "fx": 2177.040790421538,
      "fy": 2447.9507962958514,
      "k1": 0,
      "k2": 0,
      "k3": 0,
      "k4": 0,
      "k5": 0,
      "k6": 0,
      "p1": 0,
      "p2": 0,
      "transform_matrix": [
        [
          -0.8170400958220186,
          -2.220446049250313e-16,
          -0.5765808545374592,
          8.289915
        ],
        [
          -0.5765808545374592,
          4.930380657631324e-32,
          0.8170400958220186,
          46.777667
        ],
        [
          -1.8141934528470983e-16,
          1.0,
          -1.2802666805310713e-16,
          2173.0
        ],
        [
          0.0,
          0.0,
          0.0,
          1.0
        ]
      ]
    }
  },
  "10-AXALPW": {
    "tilt_angle": 0.0,
    "camera_angle_hei": 1.0960667702524387,
    "nbr_frames": 4.0,
    "hei": 2048.0,
    "camera_angle_wid_img": 1.7951958020513104,
    "overlapPix_wid_img": 513.0,
    "degPerPix_wid_img": 0.033482142857142856,
    "cx": 1536.0,
    "cy": 1024.0,
    "wid": 3072.0,
    "wid_pano": 10752.0,
    "pixel_north_pano": 4480.0,
    "camera_angle_wid_pano": 6.283185307179586,
    "fphi_pano": 1711.2339481240588,
    "fy_pano": 1677.5813017548624,
    "cx_pano": 5376.0,
    "cy_pano": 1024.0,
    "42_10-AXALPW_0": {
      "file_path": "data/2024-10-09/12-00-00/imagesPlane/42_10-AXALPW_0.jpg",
      "fx": 1224.9191253233726,
      "fy": 1677.5813017548624,
      "k1": 0,
      "k2": 0,
      "k3": 0,
      "k4": 0,
      "k5": 0,
      "k6": 0,
      "p1": 0,
      "p2": 0,
      "transform_matrix": [
        [
          -0.9888308262251285,
          -2.220446049250313e-16,
          -0.14904226617617417,
          8.041524
        ],
        [
          -0.14904226617617417,
          4.930380657631324e-32,
          0.9888308262251285,
          46.709738
        ],
        [
          -2.1956455014685095e-16,
          1.0,
          -3.309403111022e-17,
          1926.0
        ],
        [
          0.0,
          0.0,
          0.0,
          1.0
        ]
