{
  "65_15-GRINDKIRCH_1": {
    "_comment": "[8.046107292175293, 46.62703323364258, 1125.0",
    "tilt_angle": 0.13962634015954636,
    "camera_angle_hei": 1.0960667702524387,
    "nbr_frames": 4.0,
    "hei": 2048.0,
    "camera_angle_wid_img": 1.7920290839899442,
    "overlapPix_wid_img": 506.0,
    "degPerPix_wid_img": 0.03342308049391886,
    "camera_angle_wid_pano": 6.283185307179586,
    "cx": 1536.0,
    "cy": 1024.0,
    "wid": 3072.0,
    "file_path": "./seasonScapes/data/2024-10-09/12-00-00/imagesPlane/65_15-GRINDKIRCH_1.jpg",
    "transform_matrix": [
      [
          0.0945039689540863,
          -0.13407723605632782,
          -0.986454427242279,
          8.046107292175293
      ],
      [
          -0.9951208233833313,
          0.01549189630895853,
          -0.09743985533714294,
          46.62703323364258
      ],
      [
          0.02834651619195938,
          0.9908497929573059,
          -0.1319590061903,
          1125.0
      ],
      [
          0.0,
          0.0,
          0.0,
          1.0
      ]
    ],
    "fx": 834.744384765625,
    "fy": 1440.4599609375,
    "k1": 0.0,
    "k2": 0.0,
    "p1": 0.0,
    "p2": 0.0,
    "k3": 0.0,
    "k4": 0.0,
    "k5": 0.0,
    "k6": 0.0
  },
  "69_16-GRINDBEL_1": {
    "_comment": "[8.029475212097168, 46.62504577636719, 1041.0",
    "cam_id": "69_16-GRINDBEL_1",
    "file_path": "./seasonScapes/data/2024-10-09/12-00-00/imagesPlane/69_16-GRINDBEL_1.jpg",
    "wid": 3072.0,
    "hei": 2048.0,    
    "cx": 1536.0,
    "cy": 1024.0,
    "transform_matrix": [
      [
        -0.20179586112499237,
        -0.17906635999679565,
        -0.9629193544387817,
        8.029475212097168
      ],
      [
        -0.9786670804023743,
        -0.0018705790862441063,
        0.20544391870498657,
        46.62504577636719
      ],
      [
        -0.03858930990099907,
        0.9838352203369141,
        -0.1748688817024231,
        1041.0
      ],
      [
        0.0,
        0.0,
        0.0,
        1.0
      ]
    ],
    "fx": 915.0943603515625,
    "fy": 1828.4317626953125,
    "k1": 0.0,
    "k2": 0.0,
    "p1": 0.0,
    "p2": 0.0,
    "k3": 0.0,
    "k4": 0.0,
    "k5": 0.0,
    "k6": 0.0
  },
  "55_13-GRINDBUS_0": {
    "_comment": "[7.991302967071533, 46.64944076538086, 1810.0",
    "cam_id": "55_13-GRINDBUS_0",
    "file_path": "./seasonScapes/data/2024-10-09/12-00-00/imagesPlane/55_13-GRINDBUS_0.jpg",
    "wid": 3072.0,
    "hei": 2048.0,    
    "cx": 1536.0,
    "cy": 1024.0,
    "transform_matrix": [
      [
        0.07063823938369751,
        0.006797360721975565,
        -0.9974788427352905,
        7.991302967071533
      ],
      [
        -0.9974120855331421,
        -0.012943664565682411,
        -0.07072171568870544,
        46.64944076538086
      ],
      [
        -0.013391752727329731,
        0.9998931288719177,
        0.005865451879799366,
        1880.0
      ],
      [
        0.0,
        0.0,
        0.0,
        1.0
      ]
    ],
    "fx": 1110.0369873046875,
    "fy": 1341.7080078125,
    "k1": 0.0,
    "k2": 0.0,
    "p1": 0.0,
    "p2": 0.0,
    "k3": 0.0,
    "k4": 0.0,
    "k5": 0.0,
    "k6": 0.0
  }
}