{
  "wayp_0": {
    "cam_id": "wayp_0",
    "file_path": "./images/wayp_0_inpaint_0.png",
    "mask_path": "./mask/wayp_0_GSmask.png",
    "depth_path": "./depth/wayp_0_depth.png",
    "wid": 3072,
    "hei": 2048,
    "cx": 1536.0,
    "cy": 1024.0,
    "fx": 1000.0,
    "fy": 1400.0,
    "k1": 0.0,
    "k2": 0.0,
    "p1": 0.0,
    "p2": 0.0,
    "k3": 0.0,
    "k4": 0.0,
    "k5": 0.0,
    "k6": 0.0,
    "transform_matrix": [
      [
        -0.4221208386229156,
        -0.01627788866504748,
        0.9063934178605308,
        463.9441121419268
      ],
      [
        0.9065394468834276,
        -0.00810724117618905,
        0.4220432488321554,
        754.9816553751634
      ],
      [
        0.00047837702278080707,
        0.9998346378182342,
        0.018178783631053325,
        39.016666666666666
      ],
      [
        0.0,
        0.0,
        0.0,
        1.0
      ]
    ]
  },
  "wayp_1": {
    "cam_id": "wayp_1",
    "file_path": "./images/wayp_1_inpaint_0.png",
    "mask_path": "./mask/wayp_1_GSmask.png",
    "depth_path": "./depth/wayp_1_depth.png",
    "wid": 3072,
    "hei": 2048,
    "cx": 1536.0,
    "cy": 1024.0,
    "fx": 1000.0,
    "fy": 1400.0,
    "k1": 0.0,
    "k2": 0.0,
    "p1": 0.0,
    "p2": 0.0,
    "k3": 0.0,
    "k4": 0.0,
    "k5": 0.0,
    "k6": 0.0,
    "transform_matrix": [
      [
        -0.5251868008086589,
        -0.015462736308901326,
        0.8508464773636943,
        455.5461896720137
      ],
      [
        0.8509868221779326,
        -0.008952167813858367,
        0.5251107380076476,
        763.5339399079089
      ],
      [
        -0.0005027284255947895,
        0.9998403684975288,
        0.017860145208149783,
        39.37182334364822
      ],
      [
        0.0,
        0.0,
        0.0,
        1.0
      ]
    ]
  },
  "wayp_2": {
    "cam_id": "wayp_2",
    "file_path": "./images/wayp_2_inpaint_0.png",
    "mask_path": "./mask/wayp_2_GSmask.png",
    "depth_path": "./depth/wayp_2_depth.png",
    "wid": 3072,
    "hei": 2048,
    "cx": 1536.0,
    "cy": 1024.0,
    "fx": 1000.0,
    "fy": 1400.0,
    "k1": 0.0,
    "k2": 0.0,
    "p1": 0.0,
    "p2": 0.0,
    "k3": 0.0,
    "k4": 0.0,
    "k5": 0.0,
    "k6": 0.0,
    "transform_matrix": [
      [
        -0.6210529049084552,
        -0.014554414986491626,
        0.7836334974394412,
        447.4213754475647
      ],
      [
        0.7837673226863304,
        -0.009696019103177078,
        0.6209788813660677,
        771.048453160508
      ],
      [
        -0.0014398589761868141,
        0.9998470664146353,
        0.017429015697304373,
        39.73722774953715
      ],
      [
        0.0,
        0.0,
        0.0,
        1.0
      ]
    ]
  },
  "wayp_3": {
    "cam_id": "wayp_3",
    "file_path": "./images/wayp_3_inpaint_0.png",
    "mask_path": "./mask/wayp_3_GSmask.png",
    "depth_path": "./depth/wayp_3_depth.png",
    "wid": 3072,
    "hei": 2048,
    "cx": 1536.0,
    "cy": 1024.0,
    "fx": 1000.0,
    "fy": 1400.0,
    "k1": 0.0,
    "k2": 0.0,
    "p1": 0.0,
    "p2": 0.0,
    "k3": 0.0,
    "k4": 0.0,
    "k5": 0.0,
    "k6": 0.0,
    "transform_matrix": [
      [
        -0.7084048506446659,
        -0.013565377555660285,
        0.7056759512091093,
        439.5693962458938
      ],
      [
        0.7058025109115942,
        -0.010328597029265904,
        0.7083333506720522,
        777.5594093391861
      ],
      [
        -0.002320166803849555,
        0.9998546397427877,
        0.01689130577613486,
        40.110957653259455
      ],
      [
        0.0,
        0.0,
        0.0,
        1.0
      ]
    ]
  },
  "wayp_4": {
    "cam_id": "wayp_4",
    "file_path": "./images/wayp_4_inpaint_0.png",
    "mask_path": "./mask/wayp_4_GSmask.png",
    "depth_path": "./depth/wayp_4_depth.png",
    "wid": 3072,
    "hei": 2048,
    "cx": 1536.0,
    "cy": 1024.0,
    "fx": 1000.0,
    "fy": 1400.0,
    "k1": 0.0,
    "k2": 0.0,
    "p1": 0.0,
    "p2": 0.0,
    "k3": 0.0,
    "k4": 0.0,
    "k5": 0.0,
    "k6": 0.0,
    "transform_matrix": [
      [
        -0.7860450647184546,
        -0.012509183471881014,
        0.6180426171071277,
        431.98997884444714
      ],
      [
        0.6181612648969473,
        -0.010841229107186073,
        0.7859765380292544,
        783.1010226501716
      ],
      [
        -0.0031315831087385115,
        0.9998629846535537,
        0.016254387312991586,
        40.49109082374112
      ],
      [
        0.0,
        0.0,
        0.0,
        1.0
      ]
    ]
  },
  "wayp_5": {
    "cam_id": "wayp_5",
    "file_path": "./images/wayp_5_inpaint_0.png",
    "mask_path": "./mask/wayp_5_GSmask.png",
    "depth_path": "./depth/wayp_5_depth.png",
    "wid": 3072,
    "hei": 2048,
    "cx": 1536.0,
    "cy": 1024.0,
    "fx": 1000.0,
    "fy": 1400.0,
    "k1": 0.0,
    "k2": 0.0,
    "p1": 0.0,
    "p2": 0.0,
    "k3": 0.0,
    "k4": 0.0,
    "k5": 0.0,
    "k6": 0.0,
    "transform_matrix": [
      [
        -0.8529091192397825,
        -0.011400312891519382,
        0.5219349261963544,
        424.6828500206444
      ],
      [
        0.5220451241755888,
        -0.011226887279538092,
        0.8528439747846652,
        787.7075072996867
      ],
      [
        -0.0038629835765316978,
        0.9998719867402968,
        0.01552699230048897,
        40.87570502990812
      ],
      [
        0.0,
        0.0,
        0.0,
        1.0
      ]
    ]
  },
  "wayp_6": {
    "cam_id": "wayp_6",
    "file_path": "./images/wayp_6_inpaint_0.png",
    "mask_path": "./mask/wayp_6_GSmask.png",
    "depth_path": "./depth/wayp_6_depth.png",
    "wid": 3072,
    "hei": 2048,
    "cx": 1536.0,
    "cy": 1024.0,
    "fx": 1000.0,
    "fy": 1400.0,
    "k1": 0.0,
    "k2": 0.0,
    "p1": 0.0,
    "p2": 0.0,
    "k3": 0.0,
    "k4": 0.0,
    "k5": 0.0,
    "k6": 0.0,
    "transform_matrix": [
      [
        -0.9080803247671979,
        -0.01025396815251664,
        0.4186704908491019,
        417.64773655185246
      ],
      [
        0.41877181696461796,
        -0.011480284269366273,
        0.9080189251272506,
        791.4130774939399
      ],
      [
        -0.004504340889994435,
        0.9998815225866624,
        0.014719093142072578,
        41.26287804068643
      ],
      [
        0.0,
        0.0,
        0.0,
        1.0
      ]
    ]
  },
  "wayp_7": {
    "cam_id": "wayp_7",
    "file_path": "./images/wayp_7_inpaint_0.png",
    "mask_path": "./mask/wayp_7_GSmask.png",
    "depth_path": "./depth/wayp_7_depth.png",
    "wid": 3072,
    "hei": 2048,
    "cx": 1536.0,
    "cy": 1024.0,
    "fx": 1000.0,
    "fy": 1400.0,
    "k1": 0.0,
    "k2": 0.0,
    "p1": 0.0,
    "p2": 0.0,
    "k3": 0.0,
    "k4": 0.0,
    "k5": 0.0,
    "k6": 0.0,
    "transform_matrix": [
      [
        -0.9508022978904925,
        -0.009085865354143602,
        0.30966504061150685,
        410.88436521547777
      ],
      [
        0.3097571944412011,
        -0.011597946067402805,
        0.9507449543063241,
        794.2519474391764
      ],
      [
        -0.005046862200986324,
        0.9998914614585849,
        0.013841765932866594,
        41.65068762500204
      ],
      [
        0.0,
        0.0,
        0.0,
        1.0
      ]
    ]
  },
  "wayp_8": {
    "cam_id": "wayp_8",
    "file_path": "./images/wayp_8_inpaint_0.png",
    "mask_path": "./mask/wayp_8_GSmask.png",
    "depth_path": "./depth/wayp_8_depth.png",
    "wid": 3072,
    "hei": 2048,
    "cx": 1536.0,
    "cy": 1024.0,
    "fx": 1000.0,
    "fy": 1400.0,
    "k1": 0.0,
    "k2": 0.0,
    "p1": 0.0,
    "p2": 0.0,
    "k3": 0.0,
    "k4": 0.0,
    "k5": 0.0,
    "k6": 0.0,
    "transform_matrix": [
      [
        -0.9804893310578205,
        -0.007912018893215939,
        0.19641301290602184,
        404.3924627889401
      ],
      [
        0.1964958197775323,
        -0.011578259559865809,
        0.9804362991625312,
        796.2583313416085
      ],
      [
        -0.0054831096782074484,
        0.9999016670966191,
        0.012907038609184398,
        42.03721155178093
      ],
      [
        0.0,
        0.0,
        0.0,
        1.0
      ]
    ]
  },
  "wayp_9": {
    "cam_id": "wayp_9",
    "file_path": "./images/wayp_9_inpaint_0.png",
    "mask_path": "./mask/wayp_9_GSmask.png",
    "depth_path": "./depth/wayp_9_depth.png",
    "wid": 3072,
    "hei": 2048,
    "cx": 1536.0,
    "cy": 1024.0,
    "fx": 1000.0,
    "fy": 1400.0,
    "k1": 0.0,
    "k2": 0.0,
    "p1": 0.0,
    "p2": 0.0,
    "k3": 0.0,
    "k4": 0.0,
    "k5": 0.0,
    "k6": 0.0,
    "transform_matrix": [
      [
        -0.9967344224795464,
        -0.006748521910724274,
        0.0804670646686327,
        398.1717560496326
      ],
      [
        0.08054047805405312,
        -0.011421494643842345,
        0.9966858987940611,
        797.4664434074613
      ],
      [
        -0.005807102478003132,
        0.9999119995840241,
        0.011927726048531428,
        42.420527589949074
      ],
      [
        0.0,
        0.0,
        0.0,
        1.0
      ]
    ]
  },
  "wayp_10": {
    "cam_id": "wayp_10",
    "file_path": "./images/wayp_10_inpaint_0.png",
    "mask_path": "./mask/wayp_10_GSmask.png",
    "depth_path": "./depth/wayp_10_depth.png",
    "wid": 3072,
    "hei": 2048,
    "cx": 1536.0,
    "cy": 1024.0,
    "fx": 1000.0,
    "fy": 1400.0,
    "k1": 0.0,
    "k2": 0.0,
    "p1": 0.0,
    "p2": 0.0,
    "k3": 0.0,
    "k4": 0.0,
    "k5": 0.0,
    "k6": 0.0,
    "transform_matrix": [
      [
        -0.9993148560208447,
        -0.005611325658901779,
        -0.036583214188872025,
        392.2219717749619
      ],
      [
        -0.03651911203510619,
        -0.011129800527069878,
        0.9992709752596618,
        797.9104978429502
      ],
      [
        -0.0060143987402315625,
        0.9999223172649854,
        0.010917254380846708,
        42.79871350843246
      ],
      [
        0.0,
        0.0,
        0.0,
        1.0
      ]
    ]
  },
  "wayp_11": {
    "cam_id": "wayp_11",
    "file_path": "./images/wayp_11_inpaint_0.png",
    "mask_path": "./mask/wayp_11_GSmask.png",
    "depth_path": "./depth/wayp_11_depth.png",
    "wid": 3072,
    "hei": 2048,
    "cx": 1536.0,
    "cy": 1024.0,
    "fx": 1000.0,
    "fy": 1400.0,
    "k1": 0.0,
    "k2": 0.0,
    "p1": 0.0,
    "p2": 0.0,
    "k3": 0.0,
    "k4": 0.0,
    "k5": 0.0,
    "k6": 0.0,
    "transform_matrix": [
      [
        -0.9881952545841308,
        -0.004516020813551569,
        -0.15313309365848032,
        386.54283674230794
      ],
      [
        -0.15307809282727963,
        -0.010707176262834756,
        0.9881560878084188,
        797.6247088543138
      ],
      [
        -0.006102156485055049,
        0.9999324786866803,
        0.009889476919622425,
        43.16984707615709
      ],
      [
        0.0,
        0.0,
        0.0,
        1.0
      ]
    ]
  },
  "wayp_12": {
    "cam_id": "wayp_12",
    "file_path": "./images/wayp_12_inpaint_0.png",
    "mask_path": "./mask/wayp_12_GSmask.png",
    "depth_path": "./depth/wayp_12_depth.png",
    "wid": 3072,
    "hei": 2048,
    "cx": 1536.0,
    "cy": 1024.0,
    "fx": 1000.0,
    "fy": 1400.0,
    "k1": 0.0,
    "k2": 0.0,
    "p1": 0.0,
    "p2": 0.0,
    "k3": 0.0,
    "k4": 0.0,
    "k5": 0.0,
    "k6": 0.0,
    "transform_matrix": [
      [
        -0.9635280651202096,
        -0.003477623729785162,
        -0.2675847040824638,
        381.1340777291038
      ],
      [
        -0.2675384698878858,
        -0.010159415923953736,
        0.9634936187635772,
        796.643290647764
      ],
      [
        -0.006069172575770637,
        0.9999423445385631,
        0.0088584842364461,
        43.53200606204892
      ],
      [
        0.0,
        0.0,
        0.0,
        1.0
      ]
    ]
  },
  "wayp_13": {
    "cam_id": "wayp_13",
    "file_path": "./images/wayp_13_inpaint_0.png",
    "mask_path": "./mask/wayp_13_GSmask.png",
    "depth_path": "./depth/wayp_13_depth.png",
    "wid": 3072,
    "hei": 2048,
    "cx": 1536.0,
    "cy": 1024.0,
    "fx": 1000.0,
    "fy": 1400.0,
    "k1": 0.0,
    "k2": 0.0,
    "p1": 0.0,
    "p2": 0.0,
    "k3": 0.0,
    "k4": 0.0,
    "k5": 0.0,
    "k6": 0.0,
    "transform_matrix": [
      [
        -0.9256514686187581,
        -0.0025103705715554814,
        -0.37836894254620035,
        375.9954215127293
      ],
      [
        -0.3783310201139103,
        -0.00949402916748705,
        0.9256216843990505,
        795.0004574295297
      ],
      [
        -0.005915899213513848,
        0.9999517795622751,
        0.007838410982793188,
        43.88326823503393
      ],
      [
        0.0,
        0.0,
        0.0,
        1.0
      ]
    ]
  },
  "wayp_14": {
    "cam_id": "wayp_14",
    "file_path": "./images/wayp_14_inpaint_0.png",
    "mask_path": "./mask/wayp_14_GSmask.png",
    "depth_path": "./depth/wayp_14_depth.png",
    "wid": 3072,
    "hei": 2048,
    "cx": 1536.0,
    "cy": 1024.0,
    "fx": 1000.0,
    "fy": 1400.0,
    "k1": 0.0,
    "k2": 0.0,
    "p1": 0.0,
    "p2": 0.0,
    "k3": 0.0,
    "k4": 0.0,
    "k5": 0.0,
    "k6": 0.0,
    "transform_matrix": [
      [
        -0.8750847437316566,
        -0.0016275221374142945,
        -0.48396698488615264,
        371.12659487057795
      ],
      [
        -0.4839368053896362,
        -0.008720138279220375,
        0.8750594994499888,
        792.7304234058291
      ],
      [
        -0.005644437737694102,
        0.9999606544060041,
        0.006843242107494967,
        44.221711364038114
      ],
      [
        0.0,
        0.0,
        0.0,
        1.0
      ]
    ]
  },
  "wayp_15": {
    "cam_id": "wayp_15",
    "file_path": "./images/wayp_15_inpaint_0.png",
    "mask_path": "./mask/wayp_15_GSmask.png",
    "depth_path": "./depth/wayp_15_depth.png",
    "wid": 3072,
    "hei": 2048,
    "cx": 1536.0,
    "cy": 1024.0,
    "fx": 1000.0,
    "fy": 1400.0,
    "k1": 0.0,
    "k2": 0.0,
    "p1": 0.0,
    "p2": 0.0,
    "k3": 0.0,
    "k4": 0.0,
    "k5": 0.0,
    "k6": 0.0,
    "transform_matrix": [
      [
        -0.8125211475927216,
        -0.0008411820582852059,
        -0.5829311083887634,
        366.5273245800958
      ],
      [
        -0.582907996847796,
        -0.007848353109411302,
        0.812500258808796,
        789.8674027828979
      ],
      [
        -0.005258509817157586,
        0.9999688473978654,
        0.005886621126592481,
        44.545413217987445
      ],
      [
        0.0,
        0.0,
        0.0,
        1.0
      ]
    ]
  },
  "wayp_16": {
    "cam_id": "wayp_16",
    "file_path": "./images/wayp_16_inpaint_0.png",
    "mask_path": "./mask/wayp_16_GSmask.png",
    "depth_path": "./depth/wayp_16_depth.png",
    "wid": 3072,
    "hei": 2048,
    "cx": 1536.0,
    "cy": 1024.0,
    "fx": 1000.0,
    "fy": 1400.0,
    "k1": 0.0,
    "k2": 0.0,
    "p1": 0.0,
    "p2": 0.0,
    "k3": 0.0,
    "k4": 0.0,
    "k5": 0.0,
    "k6": 0.0,
    "transform_matrix": [
      [
        -0.7388184114360278,
        -0.00016213085971500396,
        -0.6739045397062768,
        362.19733741862314
      ],
      [
        -0.6738877242407337,
        -0.006890625614400694,
        0.738801633996763,
        786.4456097669413
      ],
      [
        -0.004763406427039707,
        0.9999762462139922,
        0.0049816630741493645,
        44.85245156580791
      ],
      [
        0.0,
        0.0,
        0.0,
        1.0
      ]
    ]
  },
  "wayp_17": {
    "cam_id": "wayp_17",
    "file_path": "./images/wayp_17_inpaint_0.png",
    "mask_path": "./mask/wayp_17_GSmask.png",
    "depth_path": "./depth/wayp_17_depth.png",
    "wid": 3072,
    "hei": 2048,
    "cx": 1536.0,
    "cy": 1024.0,
    "fx": 1000.0,
    "fy": 1400.0,
    "k1": 0.0,
    "k2": 0.0,
    "p1": 0.0,
    "p2": 0.0,
    "k3": 0.0,
    "k4": 0.0,
    "k5": 0.0,
    "k6": 0.0,
    "transform_matrix": [
      [
        -0.6549869813155077,
        0.0004003218364312944,
        -0.7556400558795346,
        358.13636016360624
      ],
      [
        -0.7556286782916739,
        -0.005860085998282957,
        0.654974014702317,
        782.4992585641947
      ],
      [
        -0.004165915310821,
        0.9999827494184689,
        0.004140774698418517,
        45.140904176425494
      ],
      [
        0.0,
        0.0,
        0.0,
        1.0
      ]
    ]
  },
  "wayp_18": {
    "cam_id": "wayp_18",
    "file_path": "./images/wayp_18_inpaint_0.png",
    "mask_path": "./mask/wayp_18_GSmask.png",
    "depth_path": "./depth/wayp_18_depth.png",
    "wid": 3072,
    "hei": 2048,
    "cx": 1536.0,
    "cy": 1024.0,
    "fx": 1000.0,
    "fy": 1400.0,
    "k1": 0.0,
    "k2": 0.0,
    "p1": 0.0,
    "p2": 0.0,
    "k3": 0.0,
    "k4": 0.0,
    "k5": 0.0,
    "k6": 0.0,
    "transform_matrix": [
      [
        -0.5621761651426169,
        0.0008384649445560832,
        -0.8270170834523782,
        354.34411959243846
      ],
      [
        -0.8270102109925166,
        -0.0047708627010975,
        0.5621666565914424,
        778.0625633808831
      ],
      [
        -0.0034742279220632,
        0.9999882678539905,
        0.003375484368432047,
        45.40884881876617
      ],
      [
        0.0,
        0.0,
        0.0,
        1.0
      ]
    ]
  },
  "wayp_19": {
    "cam_id": "wayp_19",
    "file_path": "./images/wayp_19_inpaint_0.png",
    "mask_path": "./mask/wayp_19_GSmask.png",
    "depth_path": "./depth/wayp_19_depth.png",
    "wid": 3072,
    "hei": 2048,
    "cx": 1536.0,
    "cy": 1024.0,
    "fx": 1000.0,
    "fy": 1400.0,
    "k1": 0.0,
    "k2": 0.0,
    "p1": 0.0,
    "p2": 0.0,
    "k3": 0.0,
    "k4": 0.0,
    "k5": 0.0,
    "k6": 0.0,
    "transform_matrix": [
      [
        -0.46165837596270987,
        0.00114629163237856,
        -0.8870570612530894,
        350.82034248251284
      ],
      [
        -0.887053699407367,
        -0.003637888701453873,
        0.4616519253003292,
        773.1697384232223
      ],
      [
        -0.002697827121634244,
        0.9999927258641883,
        0.0026962840229473872,
        45.65436326175593
      ],
      [
        0.0,
        0.0,
        0.0,
        1.0
      ]
    ]
  },
  "wayp_20": {
    "cam_id": "wayp_20",
    "file_path": "./images/wayp_20_inpaint_0.png",
    "mask_path": "./mask/wayp_20_GSmask.png",
    "depth_path": "./depth/wayp_20_depth.png",
    "wid": 3072,
    "hei": 2048,
    "cx": 1536.0,
    "cy": 1024.0,
    "fx": 1000.0,
    "fy": 1400.0,
    "k1": 0.0,
    "k2": 0.0,
    "p1": 0.0,
    "p2": 0.0,
    "k3": 0.0,
    "k4": 0.0,
    "k5": 0.0,
    "k6": 0.0,
    "transform_matrix": [
      [
        -0.3724533665056836,
        0.0018432037542094881,
        -0.9280490786475162,
        347.56475561122284
      ],
      [
        -0.9280489840311399,
        -0.002776512512778495,
        0.37244781408545763,
        767.8549978974405
      ],
      [
        -0.0018902426701679076,
        0.9999944467736743,
        0.0027447048039860034,
        45.875525274320744
      ],
      [
        0.0,
        0.0,
        0.0,
        1.0
      ]
    ]
  },
  "wayp_21": {
    "cam_id": "wayp_21",
    "file_path": "./images/wayp_21_inpaint_0.png",
    "mask_path": "./mask/wayp_21_GSmask.png",
    "depth_path": "./depth/wayp_21_depth.png",
    "wid": 3072,
    "hei": 2048,
    "cx": 1536.0,
    "cy": 1024.0,
    "fx": 1000.0,
    "fy": 1400.0,
    "k1": 0.0,
    "k2": 0.0,
    "p1": 0.0,
    "p2": 0.0,
    "k3": 0.0,
    "k4": 0.0,
    "k5": 0.0,
    "k6": 0.0,
    "transform_matrix": [
      [
        -0.35151751563203576,
        0.004584221368058028,
        -0.9361700812984415,
        344.5770857559881
      ],
      [
        -0.9361804537181232,
        -0.003069988155463138,
        0.3515063772520419,
        762.1525560097532
      ],
      [
        -0.001262648015477763,
        0.9999847799277619,
        0.005370813049721035,
        46.0704126253866
      ],
      [
        0.0,
        0.0,
        0.0,
        1.0
      ]
    ]
  },
  "wayp_22": {
    "cam_id": "wayp_22",
    "file_path": "./images/wayp_22_inpaint_0.png",
    "mask_path": "./mask/wayp_22_GSmask.png",
    "depth_path": "./depth/wayp_22_depth.png",
    "wid": 3072,
    "hei": 2048,
    "cx": 1536.0,
    "cy": 1024.0,
    "fx": 1000.0,
    "fy": 1400.0,
    "k1": 0.0,
    "k2": 0.0,
    "p1": 0.0,
    "p2": 0.0,
    "k3": 0.0,
    "k4": 0.0,
    "k5": 0.0,
    "k6": 0.0,
    "transform_matrix": [
      [
        -0.33040269347202733,
        0.007331103670772554,
        -0.9438115887534957,
        341.8570596942019
      ],
      [
        -0.9438398053934021,
        -0.003301815739981201,
        0.33038692432928396,
        756.0966269663988
      ],
      [
        -0.0006941911655973243,
        0.9999676759434714,
        0.00801031627577889,
        46.23710308387949
      ],
      [
        0.0,
        0.0,
        0.0,
        1.0
      ]
    ]
  },
  "wayp_23": {
    "cam_id": "wayp_23",
    "file_path": "./images/wayp_23_inpaint_0.png",
    "mask_path": "./mask/wayp_23_GSmask.png",
    "depth_path": "./depth/wayp_23_depth.png",
    "wid": 3072,
    "hei": 2048,
    "cx": 1536.0,
    "cy": 1024.0,
    "fx": 1000.0,
    "fy": 1400.0,
    "k1": 0.0,
    "k2": 0.0,
    "p1": 0.0,
    "p2": 0.0,
    "k3": 0.0,
    "k4": 0.0,
    "k5": 0.0,
    "k6": 0.0,
    "transform_matrix": [
      [
        -0.3091197088596924,
        0.01008244451293333,
        -0.9509696892683506,
        339.404404203284
      ],
      [
        -0.9510231181780595,
        -0.003471876592073181,
        0.30910026652173983,
        749.7214249735897
      ],
      [
        -0.0001851631178035329,
        0.9999431435764604,
        0.01066186330088556,
        46.37367441872538
      ],
      [
        0.0,
        0.0,
        0.0,
        1.0
      ]
    ]
  },
  "wayp_24": {
    "cam_id": "wayp_24",
    "file_path": "./images/wayp_24_inpaint_0.png",
    "mask_path": "./mask/wayp_24_GSmask.png",
    "depth_path": "./depth/wayp_24_depth.png",
    "wid": 3072,
    "hei": 2048,
    "cx": 1536.0,
    "cy": 1024.0,
    "fx": 1000.0,
    "fy": 1400.0,
    "k1": 0.0,
    "k2": 0.0,
    "p1": 0.0,
    "p2": 0.0,
    "k3": 0.0,
    "k4": 0.0,
    "k5": 0.0,
    "k6": 0.0,
    "transform_matrix": [
      [
        -0.28767945671267015,
        0.012836835462761764,
        -0.9576407185582727,
        337.21884606060104
      ],
      [
        -0.9577267148810147,
        -0.003580083656328198,
        0.2876573006273843,
        743.061164237551
      ],
      [
        0.0002641755526711087,
        0.9999111953850279,
        0.013324096778457362,
        46.47820439885025
      ],
      [
        0.0,
        0.0,
        0.0,
        1.0
      ]
    ]
  },
  "wayp_25": {
    "cam_id": "wayp_25",
    "file_path": "./images/wayp_25_inpaint_0.png",
    "mask_path": "./mask/wayp_25_GSmask.png",
    "depth_path": "./depth/wayp_25_depth.png",
    "wid": 3072,
    "hei": 2048,
    "cx": 1536.0,
    "cy": 1024.0,
    "fx": 1000.0,
    "fy": 1400.0,
    "k1": 0.0,
    "k2": 0.0,
    "p1": 0.0,
    "p2": 0.0,
    "k3": 0.0,
    "k4": 0.0,
    "k5": 0.0,
    "k6": 0.0,
    "transform_matrix": [
      [
        -0.26609291245501754,
        0.015592866527106564,
        -0.9638212616739033,
        335.30011204357305
      ],
      [
        -0.963947163881408,
        -0.003626381540747542,
        0.26606900345946194,
        736.1500589645096
      ],
      [
        0.0006535948260293911,
        0.9998718477236916,
        0.015995653891436312,
        46.54877079318009
      ],
      [
        0.0,
        0.0,
        0.0,
        1.0
      ]
    ]
  },
  "wayp_26": {
    "cam_id": "wayp_26",
    "file_path": "./images/wayp_26_inpaint_0.png",
    "mask_path": "./mask/wayp_26_GSmask.png",
    "depth_path": "./depth/wayp_26_depth.png",
    "wid": 3072,
    "hei": 2048,
    "cx": 1536.0,
    "cy": 1024.0,
    "fx": 1000.0,
    "fy": 1400.0,
    "k1": 0.0,
    "k2": 0.0,
    "p1": 0.0,
    "p2": 0.0,
    "k3": 0.0,
    "k4": 0.0,
    "k5": 0.0,
    "k6": 0.0,
    "transform_matrix": [
      [
        -0.24437112639880745,
        0.01834912687322926,
        -0.9695081547493907,
        333.64792892959304
      ],
      [
        -0.9696812808852702,
        -0.0036107465451006293,
        0.24434642622737324,
        729.0223233606827
      ],
      [
        0.0009828953556579867,
        0.99982512073481,
        0.018675167049926084,
        46.58345137064089
      ],
      [
        0.0,
        0.0,
        0.0,
        1.0
      ]
    ]
  },
  "wayp_27": {
    "cam_id": "wayp_27",
    "file_path": "./images/wayp_27_inpaint_0.png",
    "mask_path": "./mask/wayp_27_GSmask.png",
    "depth_path": "./depth/wayp_27_depth.png",
    "wid": 3072,
    "hei": 2048,
    "cx": 1536.0,
    "cy": 1024.0,
    "fx": 1000.0,
    "fy": 1400.0,
    "k1": 0.0,
    "k2": 0.0,
    "p1": 0.0,
    "p2": 0.0,
    "k3": 0.0,
    "k4": 0.0,
    "k5": 0.0,
    "k6": 0.0,
    "transform_matrix": [
      [
        -0.2225252180873928,
        0.02110420555102077,
        -0.9746984866220009,
        332.262023496094
      ],
      [
        -0.9749261305555875,
        -0.0035331866730577144,
        0.22250068887948,
        721.7121716323004
      ],
      [
        0.0012519085701738764,
        0.9997710383382756,
        0.02136126459127205,
        46.58032390015861
      ],
      [
        0.0,
        0.0,
        0.0,
        1.0
      ]
    ]
  },
  "wayp_28": {
    "cam_id": "wayp_28",
    "file_path": "./images/wayp_28_inpaint_0.png",
    "mask_path": "./mask/wayp_28_GSmask.png",
    "depth_path": "./depth/wayp_28_depth.png",
    "wid": 3072,
    "hei": 2048,
    "cx": 1536.0,
    "cy": 1024.0,
    "fx": 1000.0,
    "fy": 1400.0,
    "k1": 0.0,
    "k2": 0.0,
    "p1": 0.0,
    "p2": 0.0,
    "k3": 0.0,
    "k4": 0.0,
    "k5": 0.0,
    "k6": 0.0,
    "transform_matrix": [
      [
        -0.20056637060322857,
        0.02385669221527631,
        -0.9793896003223611,
        331.1421225204428
      ],
      [
        -0.9796790280149226,
        -0.0033937416280924726,
        0.20054297441071955,
        714.2538179855812
      ],
      [
        0.001460496759717711,
        0.9997096282192682,
        0.024052571482224727,
        46.53746615065925
      ],
      [
        0.0,
        0.0,
        0.0,
        1.0
      ]
    ]
  },
  "wayp_29": {
    "cam_id": "wayp_29",
    "file_path": "./images/wayp_29_inpaint_0.png",
    "mask_path": "./mask/wayp_29_GSmask.png",
    "depth_path": "./depth/wayp_29_depth.png",
    "wid": 3072,
    "hei": 2048,
    "cx": 1536.0,
    "cy": 1024.0,
    "fx": 1000.0,
    "fy": 1400.0,
    "k1": 0.0,
    "k2": 0.0,
    "p1": 0.0,
    "p2": 0.0,
    "k3": 0.0,
    "k4": 0.0,
    "k5": 0.0,
    "k6": 0.0,
    "transform_matrix": [
      [
        -0.1785058248431708,
        0.02660517784766281,
        -0.9835790944345828,
        330.28795278004594
      ],
      [
        -0.9839375402198225,
        -0.003192482793157536,
        0.1784845231379491,
        706.6814766267493
      ],
      [
        0.0016085531464485325,
        0.9996409218140834,
        0.026747710022830495,
        46.45295589106878
      ],
      [
        0.0,
        0.0,
        0.0,
        1.0
      ]
    ]
  },
  "wayp_30": {
    "cam_id": "wayp_30",
    "file_path": "./images/wayp_30_inpaint_0.png",
    "mask_path": "./mask/wayp_30_GSmask.png",
    "depth_path": "./depth/wayp_30_depth.png",
    "wid": 3072,
    "hei": 2048,
    "cx": 1536.0,
    "cy": 1024.0,
    "fx": 1000.0,
    "fy": 1400.0,
    "k1": 0.0,
    "k2": 0.0,
    "p1": 0.0,
    "p2": 0.0,
    "k3": 0.0,
    "k4": 0.0,
    "k5": 0.0,
    "k6": 0.0,
    "transform_matrix": [
      [
        -0.15635487376417556,
        0.029348255478004515,
        -0.9872648243255637,
        329.69924105230984
      ],
      [
        -0.9876994872063116,
        -0.0029295131941429464,
        0.1563366269459412,
        699.0293617620312
      ],
      [
        0.0016960019392039949,
        0.9995649542940384,
        0.029445300551685594,
        46.324870890313186
      ],
      [
        0.0,
        0.0,
        0.0,
        1.0
      ]
    ]
  },
  "wayp_31": {
    "cam_id": "wayp_31",
    "file_path": "./images/wayp_31_inpaint_0.png",
    "mask_path": "./mask/wayp_31_GSmask.png",
    "depth_path": "./depth/wayp_31_depth.png",
    "wid": 3072,
    "hei": 2048,
    "cx": 1536.0,
    "cy": 1024.0,
    "fx": 1000.0,
    "fy": 1400.0,
    "k1": 0.0,
    "k2": 0.0,
    "p1": 0.0,
    "p2": 0.0,
    "k3": 0.0,
    "k4": 0.0,
    "k5": 0.0,
    "k6": 0.0,
    "transform_matrix": [
      [
        -0.13412485660235315,
        0.03208452090452163,
        -0.9904449032428437,
        329.37571411465433
      ],
      [
        -0.990962943205833,
        -0.002604967447136314,
        0.13411062350698683,
        691.3316875976473
      ],
      [
        0.0017227983722986617,
        0.9994817645474714,
        0.032143962152194755,
        46.15128891731845
      ],
      [
        0.0,
        0.0,
        0.0,
        1.0
      ]
    ]
  },
  "wayp_32": {
    "cam_id": "wayp_32",
    "file_path": "./images/wayp_32_inpaint_0.png",
    "mask_path": "./mask/wayp_32_GSmask.png",
    "depth_path": "./depth/wayp_32_depth.png",
    "wid": 3072,
    "hei": 2048,
    "cx": 1536.0,
    "cy": 1024.0,
    "fx": 1000.0,
    "fy": 1400.0,
    "k1": 0.0,
    "k2": 0.0,
    "p1": 0.0,
    "p2": 0.0,
    "k3": 0.0,
    "k4": 0.0,
    "k5": 0.0,
    "k6": 0.0,
    "transform_matrix": [
      [
        -0.111827153068328,
        0.034812573412653036,
        -0.993117703280443,
        329.3170987444461
      ],
      [
        -0.9937262376310609,
        -0.0022190116895119683,
        0.11181789047705559,
        683.6226683398213
      ],
      [
        0.001688928728439898,
        0.9993913951598298,
        0.034842313359474214,
        45.930287741010574
      ],
      [
        0.0,
        0.0,
        0.0,
        1.0
      ]
    ]
  },
  "wayp_33": {
    "cam_id": "wayp_33",
    "file_path": "./images/wayp_33_inpaint_0.png",
    "mask_path": "./mask/wayp_33_GSmask.png",
    "depth_path": "./depth/wayp_33_depth.png",
    "wid": 3072,
    "hei": 2048,
    "cx": 1536.0,
    "cy": 1024.0,
    "fx": 1000.0,
    "fy": 1400.0,
    "k1": 0.0,
    "k2": 0.0,
    "p1": 0.0,
    "p2": 0.0,
    "k3": 0.0,
    "k4": 0.0,
    "k5": 0.0,
    "k6": 0.0,
    "transform_matrix": [
      [
        -0.0894731775218797,
        0.03753101649209062,
        -0.9952818562122032,
        329.52312171911825
      ],
      [
        -0.9959879559310885,
        -0.0017718434948844064,
        0.08946983967148969,
        675.9365181947785
      ],
      [
        0.0015944103457493086,
        0.999293892391873,
        0.03753897286753208,
        45.65994513031549
      ],
      [
        0.0,
        0.0,
        0.0,
        1.0
      ]
    ]
  },
  "wayp_34": {
    "cam_id": "wayp_34",
    "file_path": "./images/wayp_34_inpaint_0.png",
    "mask_path": "./mask/wayp_34_GSmask.png",
    "depth_path": "./depth/wayp_34_depth.png",
    "wid": 3072,
    "hei": 2048,
    "cx": 1536.0,
    "cy": 1024.0,
    "fx": 1000.0,
    "fy": 1400.0,
    "k1": 0.0,
    "k2": 0.0,
    "p1": 0.0,
    "p2": 0.0,
    "k3": 0.0,
    "k4": 0.0,
    "k5": 0.0,
    "k6": 0.0,
    "transform_matrix": [
      [
        -0.06707437312884901,
        0.040238458551664025,
        -0.9969362541921918,
        329.9935098160507
      ],
      [
        -0.9977469403155477,
        -0.0012636917719676122,
        0.06707791122321072,
        668.3074513687392
      ],
      [
        0.0014392916088884489,
        0.9991893061559916,
        0.040232560236369674,
        45.33833885415924
      ],
      [
        0.0,
        0.0,
        0.0,
        1.0
      ]
    ]
  },
  "wayp_35": {
    "cam_id": "wayp_35",
    "file_path": "./images/wayp_35_inpaint_0.png",
    "mask_path": "./mask/wayp_35_GSmask.png",
    "depth_path": "./depth/wayp_35_depth.png",
    "wid": 3072,
    "hei": 2048,
    "cx": 1536.0,
    "cy": 1024.0,
    "fx": 1000.0,
    "fy": 1400.0,
    "k1": 0.0,
    "k2": 0.0,
    "p1": 0.0,
    "p2": 0.0,
    "k3": 0.0,
    "k4": 0.0,
    "k5": 0.0,
    "k6": 0.0,
    "transform_matrix": [
      [
        -0.044642206003294854,
        0.04293351363170761,
        -0.9980800503218143,
        330.72798981266317
      ],
      [
        -0.9990022903472883,
        -0.0006948166473974837,
        0.04465356772643059,
        660.7696820679321
      ],
      [
        0.0012236519242881938,
        0.9990776899906546,
        0.04292169659864006,
        44.96354668146775
      ],
      [
        0.0,
        0.0,
        0.0,
        1.0
      ]
    ]
  },
  "wayp_36": {
    "cam_id": "wayp_36",
    "file_path": "./images/wayp_36_inpaint_0.png",
    "mask_path": "./mask/wayp_36_GSmask.png",
    "depth_path": "./depth/wayp_36_depth.png",
    "wid": 3072,
    "hei": 2048,
    "cx": 1536.0,
    "cy": 1024.0,
    "fx": 1000.0,
    "fy": 1400.0,
    "k1": 0.0,
    "k2": 0.0,
    "p1": 0.0,
    "p2": 0.0,
    "k3": 0.0,
    "k4": 0.0,
    "k5": 0.0,
    "k6": 0.0,
    "transform_matrix": [
      [
        -0.022188159337907354,
        0.045614802113541075,
        -0.9987126590833513,
        331.7262884863226
      ],
      [
        -0.999753363403321,
        -6.55093325680478e-05,
        0.022208288368866014,
        653.3574244985723
      ],
      [
        0.0009476016795024189,
        0.9989591010330053,
        0.045605005365498774,
        44.53364638116704
      ],
      [
        0.0,
        0.0,
        0.0,
        1.0
      ]
    ]
  },
  "wayp_37": {
    "cam_id": "wayp_37",
    "file_path": "./images/wayp_37_inpaint_0.png",
    "mask_path": "./mask/wayp_37_GSmask.png",
    "depth_path": "./depth/wayp_37_depth.png",
    "wid": 3072,
    "hei": 2048,
    "cx": 1536.0,
    "cy": 1024.0,
    "fx": 1000.0,
    "fy": 1400.0,
    "k1": 0.0,
    "k2": 0.0,
    "p1": 0.0,
    "p2": 0.0,
    "k3": 0.0,
    "k4": 0.0,
    "k5": 0.0,
    "k6": 0.0,
    "transform_matrix": [
      [
        0.00027627247432565616,
        0.04828095142570865,
        -0.9988337566396865,
        332.9881326144881
      ],
      [
        -0.9999997750037789,
        0.0006239080254397122,
        -0.00024643694454529186,
        646.1048928668904
      ],
      [
        0.0006112821866984808,
        0.9988335999896101,
        0.04828111293129095,
        44.04671572218307
      ],
      [
        0.0,
        0.0,
        0.0,
        1.0
      ]
    ]
  },
  "wayp_38": {
    "cam_id": "wayp_38",
    "file_path": "./images/wayp_38_inpaint_0.png",
    "mask_path": "./mask/wayp_38_GSmask.png",
    "depth_path": "./depth/wayp_38_depth.png",
    "wid": 3072,
    "hei": 2048,
    "cx": 1536.0,
    "cy": 1024.0,
    "fx": 1000.0,
    "fy": 1400.0,
    "k1": 0.0,
    "k2": 0.0,
    "p1": 0.0,
    "p2": 0.0,
    "k3": 0.0,
    "k4": 0.0,
    "k5": 0.0,
    "k6": 0.0,
    "transform_matrix": [
      [
        0.022739589724182357,
        0.05093059674660777,
        -0.998443281000083,
        334.5132489745136
      ],
      [
        -0.9997413990087365,
        0.0013730825087679421,
        -0.02269911347341025,
        639.0463013791082
      ],
      [
        0.00021486561031841545,
        0.9987012511053839,
        0.050948649376710176,
        43.50083247344185
      ],
      [
        0.0,
        0.0,
        0.0,
        1.0
      ]
    ]
  },
  "wayp_39": {
    "cam_id": "wayp_39",
    "file_path": "./images/wayp_39_inpaint_0.png",
    "mask_path": "./mask/wayp_39_GSmask.png",
    "depth_path": "./depth/wayp_39_depth.png",
    "wid": 3072,
    "hei": 2048,
    "cx": 1536.0,
    "cy": 1024.0,
    "fx": 1000.0,
    "fy": 1400.0,
    "k1": 0.0,
    "k2": 0.0,
    "p1": 0.0,
    "p2": 0.0,
    "k3": 0.0,
    "k4": 0.0,
    "k5": 0.0,
    "k6": 0.0,
    "transform_matrix": [
      [
        0.045190293272993454,
        0.053562381703150475,
        -0.9975414320519158,
        336.30136434381876
      ],
      [
        -0.9989783676827815,
        0.0021816306094437077,
        -0.04513824752612322,
        632.2158642414478
      ],
      [
        -0.00024144512105267468,
        0.9985621221307015,
        0.05360624917006945,
        42.89407440386932
      ],
      [
        0.0,
        0.0,
        0.0,
        1.0
      ]
    ]
  },
  "wayp_40": {
    "cam_id": "wayp_40",
    "file_path": "./images/wayp_40_inpaint_0.png",
    "mask_path": "./mask/wayp_40_GSmask.png",
    "depth_path": "./depth/wayp_40_depth.png",
    "wid": 3072,
    "hei": 2048,
    "cx": 1536.0,
    "cy": 1024.0,
    "fx": 1000.0,
    "fy": 1400.0,
    "k1": 0.0,
    "k2": 0.0,
    "p1": 0.0,
    "p2": 0.0,
    "k3": 0.0,
    "k4": 0.0,
    "k5": 0.0,
    "k6": 0.0,
    "transform_matrix": [
      [
        0.07048581972918241,
        0.05484702282135606,
        -0.9960037918124304,
        338.3520989969106
      ],
      [
        -0.9975125385076411,
        0.0045724866416888554,
        -0.07034079816119365,
        625.647344742466
      ],
      [
        0.0006962306711143507,
        0.99848429955285,
        0.055032888433257626,
        42.224622929709376
      ],
      [
        0.0,
        0.0,
        0.0,
        1.0
      ]
    ]
  },
  "wayp_41": {
    "cam_id": "wayp_41",
    "file_path": "./images/wayp_41_inpaint_0.png",
    "mask_path": "./mask/wayp_41_GSmask.png",
    "depth_path": "./depth/wayp_41_depth.png",
    "wid": 3072,
    "hei": 2048,
    "cx": 1536.0,
    "cy": 1024.0,
    "fx": 1000.0,
    "fy": 1400.0,
    "k1": 0.0,
    "k2": 0.0,
    "p1": 0.0,
    "p2": 0.0,
    "k3": 0.0,
    "k4": 0.0,
    "k5": 0.0,
    "k6": 0.0,
    "transform_matrix": [
      [
        0.1000272488535412,
        0.05403654102466726,
        -0.9935162815580233,
        340.6609329085811
      ],
      [
        -0.9949774256646757,
        0.009250060215271305,
        -0.09967125364772383,
        619.3569767464458
      ],
      [
        0.0038041956425488577,
        0.9984961134727084,
        0.054690396555610254,
        41.494688756688326
      ],
      [
        0.0,
        0.0,
        0.0,
        1.0
      ]
    ]
  },
  "wayp_42": {
    "cam_id": "wayp_42",
    "file_path": "./images/wayp_42_inpaint_0.png",
    "mask_path": "./mask/wayp_42_GSmask.png",
    "depth_path": "./depth/wayp_42_depth.png",
    "wid": 3072,
    "hei": 2048,
    "cx": 1536.0,
    "cy": 1024.0,
    "fx": 1000.0,
    "fy": 1400.0,
    "k1": 0.0,
    "k2": 0.0,
    "p1": 0.0,
    "p2": 0.0,
    "k3": 0.0,
    "k4": 0.0,
    "k5": 0.0,
    "k6": 0.0,
    "transform_matrix": [
      [
        0.12947850325073362,
        0.05308773368241171,
        -0.9901600929791179,
        343.21796765780067
      ],
      [
        -0.9915580760244235,
        0.013901562155316793,
        -0.12891597434137408,
        613.338222775519
      ],
      [
        0.006920915163019958,
        0.9984930841533692,
        0.054439524531346595,
        40.71171678008531
      ],
      [
        0.0,
        0.0,
        0.0,
        1.0
      ]
    ]
  },
  "wayp_43": {
    "cam_id": "wayp_43",
    "file_path": "./images/wayp_43_inpaint_0.png",
    "mask_path": "./mask/wayp_43_GSmask.png",
    "depth_path": "./depth/wayp_43_depth.png",
    "wid": 3072,
    "hei": 2048,
    "cx": 1536.0,
    "cy": 1024.0,
    "fx": 1000.0,
    "fy": 1400.0,
    "k1": 0.0,
    "k2": 0.0,
    "p1": 0.0,
    "p2": 0.0,
    "k3": 0.0,
    "k4": 0.0,
    "k5": 0.0,
    "k6": 0.0,
    "transform_matrix": [
      [
        0.15881340223376048,
        0.052001444236697,
        -0.9859382095589133,
        346.01294537631594
      ],
      [
        -0.9872575292170971,
        0.01852285751006072,
        -0.15804896315324157,
        607.5830235046967
      ],
      [
        0.010043618625303063,
        0.9984752142877458,
        0.05428049537310603,
        39.8835017048773
      ],
      [
        0.0,
        0.0,
        0.0,
        1.0
      ]
    ]
  },
  "wayp_44": {
    "cam_id": "wayp_44",
