{
  "wayp_0": {
    "cam_id": "wayp_0",
    "file_path": "./images/wayp_0_inpaint_0.png",
    "mask_path": "./mask/wayp_0_GSmask.png",
    "depth_path": "./depth/wayp_0_depth.png",
    "wid": 3072,
    "hei": 2048,
    "cx": 1536.0,
    "cy": 1024.0,
    "fx": 1000.0,
    "fy": 1400.0,
    "k1": 0.0,
    "k2": 0.0,
    "p1": 0.0,
    "p2": 0.0,
    "k3": 0.0,
    "k4": 0.0,
    "k5": 0.0,
    "k6": 0.0,
    "transform_matrix": [
      [
        -0.9279552568643291,
        0.04755535265860461,
        -0.3696451402242068,
        418.19134521484375
      ],
      [
        -0.3723903378396458,
        -0.07843874526897002,
        0.9247555350060386,
        780.0808502197273
      ],
      [
        0.014982574596249493,
        0.995784038672114,
        0.090496799856804,
        21.666666666666668
      ],
      [
        0.0,
        0.0,
        0.0,
        1.0
      ]
    ]
  },
  "wayp_1": {
    "cam_id": "wayp_1",
    "file_path": "./images/wayp_1_inpaint_0.png",
    "mask_path": "./mask/wayp_1_GSmask.png",
    "depth_path": "./depth/wayp_1_depth.png",
    "wid": 3072,
    "hei": 2048,
    "cx": 1536.0,
    "cy": 1024.0,
    "fx": 1000.0,
    "fy": 1400.0,
    "k1": 0.0,
    "k2": 0.0,
    "p1": 0.0,
    "p2": 0.0,
    "k3": 0.0,
    "k4": 0.0,
    "k5": 0.0,
    "k6": 0.0,
    "transform_matrix": [
      [
        -0.9279552568643291,
        0.04755535265860461,
        -0.3696451402242068,
        420.29418066447863
      ],
      [
        -0.3723903378396458,
        -0.07843874526897002,
        0.9247555350060386,
        775.0001775940272
      ],
      [
        0.014982574596249493,
        0.995784038672114,
        0.090496799856804,
        22.624212769484156
      ],
      [
        0.0,
        0.0,
        0.0,
        1.0
      ]
    ]
  },
  "wayp_2": {
    "cam_id": "wayp_2",
    "file_path": "./images/wayp_2_inpaint_0.png",
    "mask_path": "./mask/wayp_2_GSmask.png",
    "depth_path": "./depth/wayp_2_depth.png",
    "wid": 3072,
    "hei": 2048,
    "cx": 1536.0,
    "cy": 1024.0,
    "fx": 1000.0,
    "fy": 1400.0,
    "k1": 0.0,
    "k2": 0.0,
    "p1": 0.0,
    "p2": 0.0,
    "k3": 0.0,
    "k4": 0.0,
    "k5": 0.0,
    "k6": 0.0,
    "transform_matrix": [
      [
        -0.9279552568643291,
        0.04755535265860461,
        -0.3696451402242068,
        422.4099897002512
      ],
      [
        -0.3723903378396458,
        -0.07843874526897002,
        0.9247555350060386,
        770.057363018619
      ],
      [
        0.014982574596249493,
        0.995784038672114,
        0.090496799856804,
        23.554975438748862
      ],
      [
        0.0,
        0.0,
        0.0,
        1.0
      ]
    ]
  },
  "wayp_3": {
    "cam_id": "wayp_3",
    "file_path": "./images/wayp_3_inpaint_0.png",
    "mask_path": "./mask/wayp_3_GSmask.png",
    "depth_path": "./depth/wayp_3_depth.png",
    "wid": 3072,
    "hei": 2048,
    "cx": 1536.0,
    "cy": 1024.0,
    "fx": 1000.0,
    "fy": 1400.0,
    "k1": 0.0,
    "k2": 0.0,
    "p1": 0.0,
    "p2": 0.0,
    "k3": 0.0,
    "k4": 0.0,
    "k5": 0.0,
    "k6": 0.0,
    "transform_matrix": [
      [
        -0.9279552568643291,
        0.04755535265860461,
        -0.3696451402242068,
        424.53760291041107
      ],
      [
        -0.3723903378396458,
        -0.07843874526897002,
        0.9247555350060386,
        765.2497764999874
      ],
      [
        0.014982574596249493,
        0.995784038672114,
        0.090496799856804,
        24.45917287500257
      ],
      [
        0.0,
        0.0,
        0.0,
        1.0
      ]
    ]
  },
  "wayp_4": {
    "cam_id": "wayp_4",
    "file_path": "./images/wayp_4_inpaint_0.png",
    "mask_path": "./mask/wayp_4_GSmask.png",
    "depth_path": "./depth/wayp_4_depth.png",
    "wid": 3072,
    "hei": 2048,
    "cx": 1536.0,
    "cy": 1024.0,
    "fx": 1000.0,
    "fy": 1400.0,
    "k1": 0.0,
    "k2": 0.0,
    "p1": 0.0,
    "p2": 0.0,
    "k3": 0.0,
    "k4": 0.0,
    "k5": 0.0,
    "k6": 0.0,
    "transform_matrix": [
      [
        -0.9279552568643291,
        0.04755535265860461,
        -0.3696451402242068,
        426.67585088331344
      ],
      [
        -0.3723903378396458,
        -0.07843874526897002,
        0.9247555350060386,
        760.5747880446012
      ],
      [
        0.014982574596249493,
        0.995784038672114,
        0.090496799856804,
        25.337023278787026
      ],
      [
        0.0,
        0.0,
        0.0,
        1.0
      ]
    ]
  },
  "wayp_5": {
    "cam_id": "wayp_5",
    "file_path": "./images/wayp_5_inpaint_0.png",
    "mask_path": "./mask/wayp_5_GSmask.png",
    "depth_path": "./depth/wayp_5_depth.png",
    "wid": 3072,
    "hei": 2048,
    "cx": 1536.0,
    "cy": 1024.0,
    "fx": 1000.0,
    "fy": 1400.0,
    "k1": 0.0,
    "k2": 0.0,
    "p1": 0.0,
    "p2": 0.0,
    "k3": 0.0,
    "k4": 0.0,
    "k5": 0.0,
    "k6": 0.0,
    "transform_matrix": [
      [
        -0.9279552568643291,
        0.04755535265860461,
        -0.3696451402242068,
        428.82356420719475
      ],
      [
        -0.3723903378396458,
        -0.07843874526897002,
        0.9247555350060386,
        756.0297676589354
      ],
      [
        0.014982574596249493,
        0.995784038672114,
        0.090496799856804,
        26.188744850644024
      ],
      [
        0.0,
        0.0,
        0.0,
        1.0
      ]
    ]
  },
  "wayp_6": {
    "cam_id": "wayp_6",
    "file_path": "./images/wayp_6_inpaint_0.png",
    "mask_path": "./mask/wayp_6_GSmask.png",
    "depth_path": "./depth/wayp_6_depth.png",
    "wid": 3072,
    "hei": 2048,
    "cx": 1536.0,
    "cy": 1024.0,
    "fx": 1000.0,
    "fy": 1400.0,
    "k1": 0.0,
    "k2": 0.0,
    "p1": 0.0,
    "p2": 0.0,
    "k3": 0.0,
    "k4": 0.0,
    "k5": 0.0,
    "k6": 0.0,
    "transform_matrix": [
      [
        -0.9279552568643291,
        0.04755535265860461,
        -0.3696451402242068,
        430.97957347038374
      ],
      [
        -0.3723903378396458,
        -0.07843874526897002,
        0.9247555350060386,
        751.6120853494683
      ],
      [
        0.014982574596249493,
        0.995784038672114,
        0.090496799856804,
        27.01455579111533
      ],
      [
        0.0,
        0.0,
        0.0,
        1.0
      ]
    ]
  },
  "wayp_7": {
    "cam_id": "wayp_7",
    "file_path": "./images/wayp_7_inpaint_0.png",
    "mask_path": "./mask/wayp_7_GSmask.png",
    "depth_path": "./depth/wayp_7_depth.png",
    "wid": 3072,
    "hei": 2048,
    "cx": 1536.0,
    "cy": 1024.0,
    "fx": 1000.0,
    "fy": 1400.0,
    "k1": 0.0,
    "k2": 0.0,
    "p1": 0.0,
    "p2": 0.0,
    "k3": 0.0,
    "k4": 0.0,
    "k5": 0.0,
    "k6": 0.0,
    "transform_matrix": [
      [
        -0.9279552568643291,
        0.04755535265860461,
        -0.3696451402242068,
        433.1427092611433
      ],
      [
        -0.3723903378396458,
        -0.07843874526897002,
        0.9247555350060386,
        747.3191111226685
      ],
      [
        0.014982574596249493,
        0.995784038672114,
        0.090496799856804,
        27.814674300742713
      ],
      [
        0.0,
        0.0,
        0.0,
        1.0
      ]
    ]
  },
  "wayp_8": {
    "cam_id": "wayp_8",
    "file_path": "./images/wayp_8_inpaint_0.png",
    "mask_path": "./mask/wayp_8_GSmask.png",
    "depth_path": "./depth/wayp_8_depth.png",
    "wid": 3072,
    "hei": 2048,
    "cx": 1536.0,
    "cy": 1024.0,
    "fx": 1000.0,
    "fy": 1400.0,
    "k1": 0.0,
    "k2": 0.0,
    "p1": 0.0,
    "p2": 0.0,
    "k3": 0.0,
    "k4": 0.0,
    "k5": 0.0,
    "k6": 0.0,
    "transform_matrix": [
      [
        -0.9279552568643291,
        0.04755535265860461,
        -0.3696451402242068,
        435.3118021678021
      ],
      [
        -0.3723903378396458,
        -0.07843874526897002,
        0.9247555350060386,
        743.1482149850077
      ],
      [
        0.014982574596249493,
        0.995784038672114,
        0.090496799856804,
        28.58931858006795
      ],
      [
        0.0,
        0.0,
        0.0,
        1.0
      ]
    ]
  },
  "wayp_9": {
    "cam_id": "wayp_9",
    "file_path": "./images/wayp_9_inpaint_0.png",
    "mask_path": "./mask/wayp_9_GSmask.png",
    "depth_path": "./depth/wayp_9_depth.png",
    "wid": 3072,
    "hei": 2048,
    "cx": 1536.0,
    "cy": 1024.0,
    "fx": 1000.0,
    "fy": 1400.0,
    "k1": 0.0,
    "k2": 0.0,
    "p1": 0.0,
    "p2": 0.0,
    "k3": 0.0,
    "k4": 0.0,
    "k5": 0.0,
    "k6": 0.0,
    "transform_matrix": [
      [
        -0.9279552568643291,
        0.04755535265860461,
        -0.3696451402242068,
        437.4856827786099
      ],
      [
        -0.3723903378396458,
        -0.07843874526897002,
        0.9247555350060386,
        739.096766942968
      ],
      [
        0.014982574596249493,
        0.995784038672114,
        0.090496799856804,
        29.33870682963282
      ],
      [
        0.0,
        0.0,
        0.0,
        1.0
      ]
    ]
  },
  "wayp_10": {
    "cam_id": "wayp_10",
    "file_path": "./images/wayp_10_inpaint_0.png",
    "mask_path": "./mask/wayp_10_GSmask.png",
    "depth_path": "./depth/wayp_10_depth.png",
    "wid": 3072,
    "hei": 2048,
    "cx": 1536.0,
    "cy": 1024.0,
    "fx": 1000.0,
    "fy": 1400.0,
    "k1": 0.0,
    "k2": 0.0,
    "p1": 0.0,
    "p2": 0.0,
    "k3": 0.0,
    "k4": 0.0,
    "k5": 0.0,
    "k6": 0.0,
    "transform_matrix": [
      [
        -0.9279552568643291,
        0.04755535265860461,
        -0.3696451402242068,
        439.66318168186893
      ],
      [
        -0.3723903378396458,
        -0.07843874526897002,
        0.9247555350060386,
        735.1621370030206
      ],
      [
        0.014982574596249493,
        0.995784038672114,
        0.090496799856804,
        30.06305724997907
      ],
      [
        0.0,
        0.0,
        0.0,
        1.0
      ]
    ]
  },
  "wayp_11": {
    "cam_id": "wayp_11",
    "file_path": "./images/wayp_11_inpaint_0.png",
    "mask_path": "./mask/wayp_11_GSmask.png",
    "depth_path": "./depth/wayp_11_depth.png",
    "wid": 3072,
    "hei": 2048,
    "cx": 1536.0,
    "cy": 1024.0,
    "fx": 1000.0,
    "fy": 1400.0,
    "k1": 0.0,
    "k2": 0.0,
    "p1": 0.0,
    "p2": 0.0,
    "k3": 0.0,
    "k4": 0.0,
    "k5": 0.0,
    "k6": 0.0,
    "transform_matrix": [
      [
        -0.9279552568643291,
        0.04755535265860461,
        -0.3696451402242068,
        441.8431294658817
      ],
      [
        -0.3723903378396458,
        -0.07843874526897002,
        0.9247555350060386,
        731.3416951716359
      ],
      [
        0.014982574596249493,
        0.995784038672114,
        0.090496799856804,
        30.762588041648492
      ],
      [
        0.0,
        0.0,
        0.0,
        1.0
      ]
    ]
  },
  "wayp_12": {
    "cam_id": "wayp_12",
    "file_path": "./images/wayp_12_inpaint_0.png",
    "mask_path": "./mask/wayp_12_GSmask.png",
    "depth_path": "./depth/wayp_12_depth.png",
    "wid": 3072,
    "hei": 2048,
    "cx": 1536.0,
    "cy": 1024.0,
    "fx": 1000.0,
    "fy": 1400.0,
    "k1": 0.0,
    "k2": 0.0,
    "p1": 0.0,
    "p2": 0.0,
    "k3": 0.0,
    "k4": 0.0,
    "k5": 0.0,
    "k6": 0.0,
    "transform_matrix": [
      [
        -0.9279552568643291,
        0.04755535265860461,
        -0.3696451402242068,
        444.0243567189506
      ],
      [
        -0.3723903378396458,
        -0.07843874526897002,
        0.9247555350060386,
        727.6328114552927
      ],
      [
        0.014982574596249493,
        0.995784038672114,
        0.090496799856804,
        31.437517405182856
      ],
      [
        0.0,
        0.0,
        0.0,
        1.0
      ]
    ]
  },
  "wayp_13": {
    "cam_id": "wayp_13",
    "file_path": "./images/wayp_13_inpaint_0.png",
    "mask_path": "./mask/wayp_13_GSmask.png",
    "depth_path": "./depth/wayp_13_depth.png",
    "wid": 3072,
    "hei": 2048,
    "cx": 1536.0,
    "cy": 1024.0,
    "fx": 1000.0,
    "fy": 1400.0,
    "k1": 0.0,
    "k2": 0.0,
    "p1": 0.0,
    "p2": 0.0,
    "k3": 0.0,
    "k4": 0.0,
    "k5": 0.0,
    "k6": 0.0,
    "transform_matrix": [
      [
        -0.9279552568643291,
        0.04755535265860461,
        -0.3696451402242068,
        446.20569402935166
      ],
      [
        -0.3723903378396458,
        -0.07843874526897002,
        0.9247555350060386,
        724.0328558604622
      ],
      [
        0.014982574596249493,
        0.995784038672114,
        0.090496799856804,
        32.08806354112394
      ],
      [
        0.0,
        0.0,
        0.0,
        1.0
      ]
    ]
  },
  "wayp_14": {
    "cam_id": "wayp_14",
    "file_path": "./images/wayp_14_inpaint_0.png",
    "mask_path": "./mask/wayp_14_GSmask.png",
    "depth_path": "./depth/wayp_14_depth.png",
    "wid": 3072,
    "hei": 2048,
    "cx": 1536.0,
    "cy": 1024.0,
    "fx": 1000.0,
    "fy": 1400.0,
    "k1": 0.0,
    "k2": 0.0,
    "p1": 0.0,
    "p2": 0.0,
    "k3": 0.0,
    "k4": 0.0,
    "k5": 0.0,
    "k6": 0.0,
    "transform_matrix": [
      [
        -0.9279552568643291,
        0.04755535265860461,
        -0.3696451402242068,
        448.385971985374
      ],
      [
        -0.3723903378396458,
        -0.07843874526897002,
        0.9247555350060386,
        720.5391983936214
      ],
      [
        0.014982574596249493,
        0.995784038672114,
        0.090496799856804,
        32.7144446500135
      ],
      [
        0.0,
        0.0,
        0.0,
        1.0
      ]
    ]
  },
  "wayp_15": {
    "cam_id": "wayp_15",
    "file_path": "./images/wayp_15_inpaint_0.png",
    "mask_path": "./mask/wayp_15_GSmask.png",
    "depth_path": "./depth/wayp_15_depth.png",
    "wid": 3072,
    "hei": 2048,
    "cx": 1536.0,
    "cy": 1024.0,
    "fx": 1000.0,
    "fy": 1400.0,
    "k1": 0.0,
    "k2": 0.0,
    "p1": 0.0,
    "p2": 0.0,
    "k3": 0.0,
    "k4": 0.0,
    "k5": 0.0,
    "k6": 0.0,
    "transform_matrix": [
      [
        -0.9279552568643291,
        0.04755535265860461,
        -0.3696451402242068,
        450.5640211753201
      ],
      [
        -0.3723903378396458,
        -0.07843874526897002,
        0.9247555350060386,
        717.1492090612405
      ],
      [
        0.014982574596249493,
        0.995784038672114,
        0.090496799856804,
        33.31687893239331
      ],
      [
        0.0,
        0.0,
        0.0,
        1.0
      ]
    ]
  },
  "wayp_16": {
    "cam_id": "wayp_16",
    "file_path": "./images/wayp_16_inpaint_0.png",
    "mask_path": "./mask/wayp_16_GSmask.png",
    "depth_path": "./depth/wayp_16_depth.png",
    "wid": 3072,
    "hei": 2048,
    "cx": 1536.0,
    "cy": 1024.0,
    "fx": 1000.0,
    "fy": 1400.0,
    "k1": 0.0,
    "k2": 0.0,
    "p1": 0.0,
    "p2": 0.0,
    "k3": 0.0,
    "k4": 0.0,
    "k5": 0.0,
    "k6": 0.0,
    "transform_matrix": [
      [
        -0.9279552568643291,
        0.04755535265860461,
        -0.3696451402242068,
        452.7386721874923
      ],
      [
        -0.3723903378396458,
        -0.07843874526897002,
        0.9247555350060386,
        713.8602578697997
      ],
      [
        0.014982574596249493,
        0.995784038672114,
        0.090496799856804,
        33.89558458880516
      ],
      [
        0.0,
        0.0,
        0.0,
        1.0
      ]
    ]
  },
  "wayp_17": {
    "cam_id": "wayp_17",
    "file_path": "./images/wayp_17_inpaint_0.png",
    "mask_path": "./mask/wayp_17_GSmask.png",
    "depth_path": "./depth/wayp_17_depth.png",
    "wid": 3072,
    "hei": 2048,
    "cx": 1536.0,
    "cy": 1024.0,
    "fx": 1000.0,
    "fy": 1400.0,
    "k1": 0.0,
    "k2": 0.0,
    "p1": 0.0,
    "p2": 0.0,
    "k3": 0.0,
    "k4": 0.0,
    "k5": 0.0,
    "k6": 0.0,
    "transform_matrix": [
      [
        -0.9279552568643291,
        0.04755535265860461,
        -0.3696451402242068,
        454.90875561014025
      ],
      [
        -0.3723903378396458,
        -0.07843874526897002,
        0.9247555350060386,
        710.6697148257689
      ],
      [
        0.014982574596249493,
        0.995784038672114,
        0.090496799856804,
        34.450779819790796
      ],
      [
        0.0,
        0.0,
        0.0,
        1.0
      ]
    ]
  },
  "wayp_18": {
    "cam_id": "wayp_18",
    "file_path": "./images/wayp_18_inpaint_0.png",
    "mask_path": "./mask/wayp_18_GSmask.png",
    "depth_path": "./depth/wayp_18_depth.png",
    "wid": 3072,
    "hei": 2048,
    "cx": 1536.0,
    "cy": 1024.0,
    "fx": 1000.0,
    "fy": 1400.0,
    "k1": 0.0,
    "k2": 0.0,
    "p1": 0.0,
    "p2": 0.0,
    "k3": 0.0,
    "k4": 0.0,
    "k5": 0.0,
    "k6": 0.0,
    "transform_matrix": [
      [
        -0.9279552568643291,
        0.04755535265860461,
        -0.3696451402242068,
        457.07310203159267
      ],
      [
        -0.3723903378396458,
        -0.07843874526897002,
        0.9247555350060386,
        707.5749499356216
      ],
      [
        0.014982574596249493,
        0.995784038672114,
        0.090496799856804,
        34.98268282589202
      ],
      [
        0.0,
        0.0,
        0.0,
        1.0
      ]
    ]
  },
  "wayp_19": {
    "cam_id": "wayp_19",
    "file_path": "./images/wayp_19_inpaint_0.png",
    "mask_path": "./mask/wayp_19_GSmask.png",
    "depth_path": "./depth/wayp_19_depth.png",
    "wid": 3072,
    "hei": 2048,
    "cx": 1536.0,
    "cy": 1024.0,
    "fx": 1000.0,
    "fy": 1400.0,
    "k1": 0.0,
    "k2": 0.0,
    "p1": 0.0,
    "p2": 0.0,
    "k3": 0.0,
    "k4": 0.0,
    "k5": 0.0,
    "k6": 0.0,
    "transform_matrix": [
      [
        -0.9279552568643291,
        0.04755535265860461,
        -0.3696451402242068,
        459.2305420401256
      ],
      [
        -0.3723903378396458,
        -0.07843874526897002,
        0.9247555350060386,
        704.5733332058346
      ],
      [
        0.014982574596249493,
        0.995784038672114,
        0.090496799856804,
        35.49151180765059
      ],
      [
        0.0,
        0.0,
        0.0,
        1.0
      ]
    ]
  },
  "wayp_20": {
    "cam_id": "wayp_20",
    "file_path": "./images/wayp_20_inpaint_0.png",
    "mask_path": "./mask/wayp_20_GSmask.png",
    "depth_path": "./depth/wayp_20_depth.png",
    "wid": 3072,
    "hei": 2048,
    "cx": 1536.0,
    "cy": 1024.0,
    "fx": 1000.0,
    "fy": 1400.0,
    "k1": 0.0,
    "k2": 0.0,
    "p1": 0.0,
    "p2": 0.0,
    "k3": 0.0,
    "k4": 0.0,
    "k5": 0.0,
    "k6": 0.0,
    "transform_matrix": [
      [
        -0.9279552568643291,
        0.04755535265860461,
        -0.3696451402242068,
        461.3799062240416
      ],
      [
        -0.3723903378396458,
        -0.07843874526897002,
        0.9247555350060386,
        701.6622346428815
      ],
      [
        0.014982574596249493,
        0.995784038672114,
        0.090496799856804,
        35.97748496560826
      ],
      [
        0.0,
        0.0,
        0.0,
        1.0
      ]
    ]
  },
  "wayp_21": {
    "cam_id": "wayp_21",
    "file_path": "./images/wayp_21_inpaint_0.png",
    "mask_path": "./mask/wayp_21_GSmask.png",
    "depth_path": "./depth/wayp_21_depth.png",
    "wid": 3072,
    "hei": 2048,
    "cx": 1536.0,
    "cy": 1024.0,
    "fx": 1000.0,
    "fy": 1400.0,
    "k1": 0.0,
    "k2": 0.0,
    "p1": 0.0,
    "p2": 0.0,
    "k3": 0.0,
    "k4": 0.0,
    "k5": 0.0,
    "k6": 0.0,
    "transform_matrix": [
      [
        -0.9279552568643291,
        0.04755535265860461,
        -0.3696451402242068,
        463.5200251716296
      ],
      [
        -0.3723903378396458,
        -0.07843874526897002,
        0.9247555350060386,
        698.8390242532339
      ],
      [
        0.014982574596249493,
        0.995784038672114,
        0.090496799856804,
        36.44082050030683
      ],
      [
        0.0,
        0.0,
        0.0,
        1.0
      ]
    ]
  },
  "wayp_22": {
    "cam_id": "wayp_22",
    "file_path": "./images/wayp_22_inpaint_0.png",
    "mask_path": "./mask/wayp_22_GSmask.png",
    "depth_path": "./depth/wayp_22_depth.png",
    "wid": 3072,
    "hei": 2048,
    "cx": 1536.0,
    "cy": 1024.0,
    "fx": 1000.0,
    "fy": 1400.0,
    "k1": 0.0,
    "k2": 0.0,
    "p1": 0.0,
    "p2": 0.0,
    "k3": 0.0,
    "k4": 0.0,
    "k5": 0.0,
    "k6": 0.0,
    "transform_matrix": [
      [
        -0.9279552568643291,
        0.04755535265860461,
        -0.3696451402242068,
        465.64972947117894
      ],
      [
        -0.3723903378396458,
        -0.07843874526897002,
        0.9247555350060386,
        696.1010720433702
      ],
      [
        0.014982574596249493,
        0.995784038672114,
        0.090496799856804,
        36.88173661228805
      ],
      [
        0.0,
        0.0,
        0.0,
        1.0
      ]
    ]
  },
  "wayp_23": {
    "cam_id": "wayp_23",
    "file_path": "./images/wayp_23_inpaint_0.png",
    "mask_path": "./mask/wayp_23_GSmask.png",
    "depth_path": "./depth/wayp_23_depth.png",
    "wid": 3072,
    "hei": 2048,
    "cx": 1536.0,
    "cy": 1024.0,
    "fx": 1000.0,
    "fy": 1400.0,
    "k1": 0.0,
    "k2": 0.0,
    "p1": 0.0,
    "p2": 0.0,
    "k3": 0.0,
    "k4": 0.0,
    "k5": 0.0,
    "k6": 0.0,
    "transform_matrix": [
      [
        -0.9279552568643291,
        0.04755535265860461,
        -0.3696451402242068,
        467.76784971097885
      ],
      [
        -0.3723903378396458,
        -0.07843874526897002,
        0.9247555350060386,
        693.4457480197624
      ],
      [
        0.014982574596249493,
        0.995784038672114,
        0.090496799856804,
        37.30045150209373
      ],
      [
        0.0,
        0.0,
        0.0,
        1.0
      ]
    ]
  },
  "wayp_24": {
    "cam_id": "wayp_24",
    "file_path": "./images/wayp_24_inpaint_0.png",
    "mask_path": "./mask/wayp_24_GSmask.png",
    "depth_path": "./depth/wayp_24_depth.png",
    "wid": 3072,
    "hei": 2048,
    "cx": 1536.0,
    "cy": 1024.0,
    "fx": 1000.0,
    "fy": 1400.0,
    "k1": 0.0,
    "k2": 0.0,
    "p1": 0.0,
    "p2": 0.0,
    "k3": 0.0,
    "k4": 0.0,
    "k5": 0.0,
    "k6": 0.0,
    "transform_matrix": [
      [
        -0.9279552568643291,
        0.04755535265860458,
        -0.3696451402242068,
        469.87321647931856
      ],
      [
        -0.3723903378396458,
        -0.07843874526897002,
        0.9247555350060386,
        690.8704221888837
      ],
      [
        0.014982574596249493,
        0.995784038672114,
        0.090496799856804,
        37.6971833702656
      ],
      [
        0.0,
        0.0,
        0.0,
        1.0
      ]
    ]
  },
  "wayp_25": {
    "cam_id": "wayp_25",
    "file_path": "./images/wayp_25_inpaint_0.png",
    "mask_path": "./mask/wayp_25_GSmask.png",
    "depth_path": "./depth/wayp_25_depth.png",
    "wid": 3072,
    "hei": 2048,
    "cx": 1536.0,
    "cy": 1024.0,
    "fx": 1000.0,
    "fy": 1400.0,
    "k1": 0.0,
    "k2": 0.0,
    "p1": 0.0,
    "p2": 0.0,
    "k3": 0.0,
    "k4": 0.0,
    "k5": 0.0,
    "k6": 0.0,
    "transform_matrix": [
      [
        -0.9279552568643291,
        0.04755535265860458,
        -0.3696451402242068,
        471.96466036450033
      ],
      [
        -0.3723903378396458,
        -0.07843874526897002,
        0.9247555350060386,
        688.3724645572112
      ],
      [
        0.014982574596249493,
        0.995784038672114,
        0.090496799856804,
        38.072150417345455
      ],
      [
        0.0,
        0.0,
        0.0,
        1.0
      ]
    ]
  },
  "wayp_26": {
    "cam_id": "wayp_26",
    "file_path": "./images/wayp_26_inpaint_0.png",
    "mask_path": "./mask/wayp_26_GSmask.png",
    "depth_path": "./depth/wayp_26_depth.png",
    "wid": 3072,
    "hei": 2048,
    "cx": 1536.0,
    "cy": 1024.0,
    "fx": 1000.0,
    "fy": 1400.0,
    "k1": 0.0,
    "k2": 0.0,
    "p1": 0.0,
    "p2": 0.0,
    "k3": 0.0,
    "k4": 0.0,
    "k5": 0.0,
    "k6": 0.0,
    "transform_matrix": [
      [
        -0.9279552568643291,
        0.04755535265860458,
        -0.3696451402242068,
        474.0410119548134
      ],
      [
        -0.3723903378396458,
        -0.07843874526897002,
        0.9247555350060386,
        685.9492451312162
      ],
      [
        0.014982574596249493,
        0.995784038672114,
        0.090496799856804,
        38.42557084387503
      ],
      [
        0.0,
        0.0,
        0.0,
        1.0
      ]
    ]
  },
  "wayp_27": {
    "cam_id": "wayp_27",
    "file_path": "./images/wayp_27_inpaint_0.png",
    "mask_path": "./mask/wayp_27_GSmask.png",
    "depth_path": "./depth/wayp_27_depth.png",
    "wid": 3072,
    "hei": 2048,
    "cx": 1536.0,
    "cy": 1024.0,
    "fx": 1000.0,
    "fy": 1400.0,
    "k1": 0.0,
    "k2": 0.0,
    "p1": 0.0,
    "p2": 0.0,
    "k3": 0.0,
    "k4": 0.0,
    "k5": 0.0,
    "k6": 0.0,
    "transform_matrix": [
      [
        -0.9279552568643291,
        0.04755535265860458,
        -0.3696451402242068,
        476.10110183854715
      ],
      [
        -0.3723903378396458,
        -0.07843874526897002,
        0.9247555350060386,
        683.5981339173727
      ],
      [
        0.014982574596249493,
        0.995784038672114,
        0.090496799856804,
        38.75766285039616
      ],
      [
        0.0,
        0.0,
        0.0,
        1.0
      ]
    ]
  },
  "wayp_28": {
    "cam_id": "wayp_28",
    "file_path": "./images/wayp_28_inpaint_0.png",
    "mask_path": "./mask/wayp_28_GSmask.png",
    "depth_path": "./depth/wayp_28_depth.png",
    "wid": 3072,
    "hei": 2048,
    "cx": 1536.0,
    "cy": 1024.0,
    "fx": 1000.0,
    "fy": 1400.0,
    "k1": 0.0,
    "k2": 0.0,
    "p1": 0.0,
    "p2": 0.0,
    "k3": 0.0,
    "k4": 0.0,
    "k5": 0.0,
    "k6": 0.0,
    "transform_matrix": [
      [
        -0.9279552568643291,
        0.04755535265860458,
        -0.3696451402242068,
        478.14376060399053
      ],
      [
        -0.3723903378396458,
        -0.07843874526897002,
        0.9247555350060386,
        681.3165009221589
      ],
      [
        0.014982574596249493,
        0.995784038672114,
        0.090496799856804,
        39.06864463745056
      ],
      [
        0.0,
        0.0,
        0.0,
        1.0
      ]
    ]
  },
  "wayp_29": {
    "cam_id": "wayp_29",
    "file_path": "./images/wayp_29_inpaint_0.png",
    "mask_path": "./mask/wayp_29_GSmask.png",
    "depth_path": "./depth/wayp_29_depth.png",
    "wid": 3072,
    "hei": 2048,
    "cx": 1536.0,
    "cy": 1024.0,
    "fx": 1000.0,
    "fy": 1400.0,
    "k1": 0.0,
    "k2": 0.0,
    "p1": 0.0,
    "p2": 0.0,
    "k3": 0.0,
    "k4": 0.0,
    "k5": 0.0,
    "k6": 0.0,
    "transform_matrix": [
      [
        -0.9279552568643291,
        0.04755535265860458,
        -0.3696451402242068,
        480.16781883943287
      ],
      [
        -0.3723903378396458,
        -0.07843874526897002,
        0.9247555350060386,
        679.1017161520448
      ],
      [
        0.014982574596249493,
        0.995784038672114,
        0.090496799856804,
        39.358734405580044
      ],
      [
        0.0,
        0.0,
        0.0,
        1.0
      ]
    ]
  },
  "wayp_30": {
    "cam_id": "wayp_30",
    "file_path": "./images/wayp_30_inpaint_0.png",
    "mask_path": "./mask/wayp_30_GSmask.png",
    "depth_path": "./depth/wayp_30_depth.png",
    "wid": 3072,
    "hei": 2048,
    "cx": 1536.0,
    "cy": 1024.0,
    "fx": 1000.0,
    "fy": 1400.0,
    "k1": 0.0,
    "k2": 0.0,
    "p1": 0.0,
    "p2": 0.0,
    "k3": 0.0,
    "k4": 0.0,
    "k5": 0.0,
    "k6": 0.0,
    "transform_matrix": [
      [
        -0.9279552568643291,
        0.04755535265860458,
        -0.3696451402242068,
        482.1721071331898
      ],
      [
        -0.3723903378396458,
        -0.07843874526897002,
        0.9247555350060386,
        676.9511496135057
      ],
      [
        0.014982574596249493,
        0.995784038672114,
        0.090496799856804,
        39.62815035532636
      ],
      [
        0.0,
        0.0,
        0.0,
        1.0
      ]
    ]
  },
  "wayp_31": {
    "cam_id": "wayp_31",
    "file_path": "./images/wayp_31_inpaint_0.png",
    "mask_path": "./mask/wayp_31_GSmask.png",
    "depth_path": "./depth/wayp_31_depth.png",
    "wid": 3072,
    "hei": 2048,
    "cx": 1536.0,
    "cy": 1024.0,
    "fx": 1000.0,
    "fy": 1400.0,
    "k1": 0.0,
    "k2": 0.0,
    "p1": 0.0,
    "p2": 0.0,
    "k3": 0.0,
    "k4": 0.0,
    "k5": 0.0,
    "k6": 0.0,
    "transform_matrix": [
      [
        -0.9279552568643291,
        0.04755535265860458,
        -0.3696451402242068,
        484.15545607351083
      ],
      [
        -0.3723903378396458,
        -0.07843874526897002,
        0.9247555350060386,
        674.8621713130165
      ],
      [
        0.014982574596249493,
        0.995784038672114,
        0.090496799856804,
        39.87711068723128
      ],
      [
        0.0,
        0.0,
        0.0,
        1.0
      ]
    ]
  },
  "wayp_32": {
    "cam_id": "wayp_32",
    "file_path": "./images/wayp_32_inpaint_0.png",
    "mask_path": "./mask/wayp_32_GSmask.png",
    "depth_path": "./depth/wayp_32_depth.png",
    "wid": 3072,
    "hei": 2048,
    "cx": 1536.0,
    "cy": 1024.0,
    "fx": 1000.0,
    "fy": 1400.0,
    "k1": 0.0,
    "k2": 0.0,
    "p1": 0.0,
    "p2": 0.0,
    "k3": 0.0,
    "k4": 0.0,
    "k5": 0.0,
    "k6": 0.0,
    "transform_matrix": [
      [
        -0.9279552568643291,
        0.04755535265860461,
        -0.3696451402242068,
        486.1166962487116
      ],
      [
        -0.3723903378396458,
        -0.07843874526897002,
        0.9247555350060386,
        672.8321512570509
      ],
      [
        0.014982574596249493,
        0.995784038672114,
        0.090496799856804,
        40.105833601836586
      ],
      [
        0.0,
        0.0,
        0.0,
        1.0
      ]
    ]
  },
  "wayp_33": {
    "cam_id": "wayp_33",
    "file_path": "./images/wayp_33_inpaint_0.png",
    "mask_path": "./mask/wayp_33_GSmask.png",
    "depth_path": "./depth/wayp_33_depth.png",
    "wid": 3072,
    "hei": 2048,
    "cx": 1536.0,
    "cy": 1024.0,
    "fx": 1000.0,
    "fy": 1400.0,
    "k1": 0.0,
    "k2": 0.0,
    "p1": 0.0,
    "p2": 0.0,
    "k3": 0.0,
    "k4": 0.0,
    "k5": 0.0,
    "k6": 0.0,
    "transform_matrix": [
      [
        -0.9279552568643291,
        0.04755535265860461,
        -0.3696451402242068,
        488.05465824710774
      ],
      [
        -0.3723903378396458,
        -0.07843874526897002,
        0.9247555350060386,
        670.8584594520854
      ],
      [
        0.014982574596249493,
        0.995784038672114,
        0.090496799856804,
        40.31453729968405
      ],
      [
        0.0,
        0.0,
        0.0,
        1.0
      ]
    ]
  },
  "wayp_34": {
    "cam_id": "wayp_34",
    "file_path": "./images/wayp_34_inpaint_0.png",
    "mask_path": "./mask/wayp_34_GSmask.png",
    "depth_path": "./depth/wayp_34_depth.png",
    "wid": 3072,
    "hei": 2048,
    "cx": 1536.0,
    "cy": 1024.0,
    "fx": 1000.0,
    "fy": 1400.0,
    "k1": 0.0,
    "k2": 0.0,
    "p1": 0.0,
    "p2": 0.0,
    "k3": 0.0,
    "k4": 0.0,
    "k5": 0.0,
    "k6": 0.0,
    "transform_matrix": [
      [
        -0.9279552568643291,
        0.04755535265860461,
        -0.3696451402242068,
        489.96817265696205
      ],
      [
        -0.3723903378396458,
        -0.07843874526897002,
        0.9247555350060386,
        668.9384659045871
      ],
      [
        0.014982574596249493,
        0.995784038672114,
        0.090496799856804,
        40.50343998131544
      ],
      [
        0.0,
        0.0,
        0.0,
        1.0
      ]
    ]
  },
  "wayp_35": {
    "cam_id": "wayp_35",
    "file_path": "./images/wayp_35_inpaint_0.png",
    "mask_path": "./mask/wayp_35_GSmask.png",
    "depth_path": "./depth/wayp_35_depth.png",
    "wid": 3072,
    "hei": 2048,
    "cx": 1536.0,
    "cy": 1024.0,
    "fx": 1000.0,
    "fy": 1400.0,
    "k1": 0.0,
    "k2": 0.0,
    "p1": 0.0,
    "p2": 0.0,
    "k3": 0.0,
    "k4": 0.0,
    "k5": 0.0,
    "k6": 0.0,
    "transform_matrix": [
      [
        -0.9279552568643291,
        0.04755535265860461,
        -0.3696451402242068,
        491.8560700665505
      ],
      [
        -0.3723903378396458,
        -0.07843874526897002,
        0.9247555350060386,
        667.069540621041
      ],
      [
        0.014982574596249493,
        0.995784038672114,
        0.090496799856804,
        40.67275984727251
      ],
      [
        0.0,
        0.0,
        0.0,
        1.0
      ]
    ]
  },
  "wayp_36": {
    "cam_id": "wayp_36",
    "file_path": "./images/wayp_36_inpaint_0.png",
    "mask_path": "./mask/wayp_36_GSmask.png",
    "depth_path": "./depth/wayp_36_depth.png",
    "wid": 3072,
    "hei": 2048,
    "cx": 1536.0,
    "cy": 1024.0,
    "fx": 1000.0,
    "fy": 1400.0,
    "k1": 0.0,
    "k2": 0.0,
    "p1": 0.0,
    "p2": 0.0,
    "k3": 0.0,
    "k4": 0.0,
    "k5": 0.0,
    "k6": 0.0,
    "transform_matrix": [
      [
        -0.9279552568643291,
        0.04755535265860461,
        -0.3696451402242068,
        493.7171810642019
      ],
      [
        -0.3723903378396458,
        -0.07843874526897002,
        0.9247555350060386,
        665.2490536079122
      ],
      [
        0.014982574596249493,
        0.995784038672114,
        0.090496799856804,
        40.82271509809708
      ],
      [
        0.0,
        0.0,
        0.0,
        1.0
      ]
    ]
  },
  "wayp_37": {
    "cam_id": "wayp_37",
    "file_path": "./images/wayp_37_inpaint_0.png",
    "mask_path": "./mask/wayp_37_GSmask.png",
    "depth_path": "./depth/wayp_37_depth.png",
    "wid": 3072,
    "hei": 2048,
    "cx": 1536.0,
    "cy": 1024.0,
    "fx": 1000.0,
    "fy": 1400.0,
    "k1": 0.0,
    "k2": 0.0,
    "p1": 0.0,
    "p2": 0.0,
    "k3": 0.0,
    "k4": 0.0,
    "k5": 0.0,
    "k6": 0.0,
    "transform_matrix": [
      [
        -0.9279552568643291,
        0.04755535265860461,
        -0.3696451402242068,
        495.55033623819224
      ],
      [
        -0.3723903378396458,
        -0.07843874526897002,
        0.9247555350060386,
        663.474374871679
      ],
      [
        0.014982574596249493,
        0.995784038672114,
        0.090496799856804,
        40.953523934330875
      ],
      [
        0.0,
        0.0,
        0.0,
        1.0
      ]
    ]
  },
  "wayp_38": {
    "cam_id": "wayp_38",
    "file_path": "./images/wayp_38_inpaint_0.png",
    "mask_path": "./mask/wayp_38_GSmask.png",
    "depth_path": "./depth/wayp_38_depth.png",
    "wid": 3072,
    "hei": 2048,
    "cx": 1536.0,
    "cy": 1024.0,
    "fx": 1000.0,
    "fy": 1400.0,
    "k1": 0.0,
    "k2": 0.0,
    "p1": 0.0,
    "p2": 0.0,
    "k3": 0.0,
    "k4": 0.0,
    "k5": 0.0,
    "k6": 0.0,
    "transform_matrix": [
      [
        -0.9279552568643291,
        0.04755535265860461,
        -0.3696451402242068,
        497.3543661768107
      ],
      [
        -0.3723903378396458,
        -0.07843874526897002,
        0.9247555350060386,
        661.7428744188117
      ],
      [
        0.014982574596249493,
        0.995784038672114,
        0.090496799856804,
        41.06540455651568
      ],
      [
        0.0,
        0.0,
        0.0,
        1.0
      ]
    ]
  },
  "wayp_39": {
    "cam_id": "wayp_39",
    "file_path": "./images/wayp_39_inpaint_0.png",
    "mask_path": "./mask/wayp_39_GSmask.png",
    "depth_path": "./depth/wayp_39_depth.png",
    "wid": 3072,
    "hei": 2048,
    "cx": 1536.0,
    "cy": 1024.0,
    "fx": 1000.0,
    "fy": 1400.0,
    "k1": 0.0,
    "k2": 0.0,
    "p1": 0.0,
    "p2": 0.0,
    "k3": 0.0,
    "k4": 0.0,
    "k5": 0.0,
    "k6": 0.0,
    "transform_matrix": [
      [
        -0.9279552568643291,
        0.04755535265860461,
        -0.3696451402242068,
        499.1281014683466
      ],
      [
        -0.3723903378396458,
        -0.07843874526897002,
        0.9247555350060386,
        660.0519222557904
      ],
      [
        0.014982574596249493,
        0.995784038672114,
        0.090496799856804,
        41.158575165193284
      ],
      [
        0.0,
        0.0,
        0.0,
        1.0
      ]
    ]
  },
  "wayp_40": {
    "cam_id": "wayp_40",
    "file_path": "./images/wayp_40_inpaint_0.png",
    "mask_path": "./mask/wayp_40_GSmask.png",
    "depth_path": "./depth/wayp_40_depth.png",
    "wid": 3072,
    "hei": 2048,
    "cx": 1536.0,
    "cy": 1024.0,
    "fx": 1000.0,
    "fy": 1400.0,
    "k1": 0.0,
    "k2": 0.0,
    "p1": 0.0,
    "p2": 0.0,
    "k3": 0.0,
    "k4": 0.0,
    "k5": 0.0,
    "k6": 0.0,
    "transform_matrix": [
      [
        -0.9279552568643291,
        0.04755535265860461,
        -0.3696451402242068,
        500.8703727011022
      ],
      [
        -0.3723903378396458,
        -0.07843874526897002,
        0.9247555350060386,
        658.3988883890868
      ],
      [
        0.014982574596249493,
        0.995784038672114,
        0.090496799856804,
        41.233253960905444
      ],
      [
        0.0,
        0.0,
        0.0,
        1.0
      ]
    ]
  },
  "wayp_41": {
    "cam_id": "wayp_41",
    "file_path": "./images/wayp_41_inpaint_0.png",
    "mask_path": "./mask/wayp_41_GSmask.png",
    "depth_path": "./depth/wayp_41_depth.png",
    "wid": 3072,
    "hei": 2048,
    "cx": 1536.0,
    "cy": 1024.0,
    "fx": 1000.0,
    "fy": 1400.0,
    "k1": 0.0,
    "k2": 0.0,
    "p1": 0.0,
    "p2": 0.0,
    "k3": 0.0,
    "k4": 0.0,
    "k5": 0.0,
    "k6": 0.0,
    "transform_matrix": [
      [
        -0.9279552568643291,
        0.04755535265860461,
        -0.3696451402242068,
        502.5800104633536
      ],
      [
        -0.3723903378396458,
        -0.07843874526897002,
        0.9247555350060386,
        656.7811428251744
      ],
      [
        0.014982574596249493,
        0.995784038672114,
        0.090496799856804,
        41.28965914419394
      ],
      [
        0.0,
        0.0,
        0.0,
        1.0
      ]
    ]
  },
  "wayp_42": {
    "cam_id": "wayp_42",
    "file_path": "./images/wayp_42_inpaint_0.png",
    "mask_path": "./mask/wayp_42_GSmask.png",
    "depth_path": "./depth/wayp_42_depth.png",
    "wid": 3072,
    "hei": 2048,
    "cx": 1536.0,
    "cy": 1024.0,
    "fx": 1000.0,
    "fy": 1400.0,
    "k1": 0.0,
    "k2": 0.0,
    "p1": 0.0,
    "p2": 0.0,
    "k3": 0.0,
    "k4": 0.0,
    "k5": 0.0,
    "k6": 0.0,
    "transform_matrix": [
      [
        -0.9279552568643291,
        0.04755535265860461,
        -0.3696451402242068,
        504.2558453434031
      ],
      [
        -0.3723903378396458,
        -0.07843874526897002,
        0.9247555350060386,
        655.1960555705266
      ],
      [
        0.014982574596249493,
        0.995784038672114,
        0.090496799856804,
        41.32800891560053
      ],
      [
        0.0,
        0.0,
        0.0,
        1.0
      ]
    ]
  },
  "wayp_43": {
    "cam_id": "wayp_43",
    "file_path": "./images/wayp_43_inpaint_0.png",
    "mask_path": "./mask/wayp_43_GSmask.png",
    "depth_path": "./depth/wayp_43_depth.png",
    "wid": 3072,
    "hei": 2048,
    "cx": 1536.0,
    "cy": 1024.0,
    "fx": 1000.0,
    "fy": 1400.0,
    "k1": 0.0,
    "k2": 0.0,
    "p1": 0.0,
    "p2": 0.0,
    "k3": 0.0,
    "k4": 0.0,
    "k5": 0.0,
    "k6": 0.0,
    "transform_matrix": [
      [
        -0.9279552568643291,
        0.04755535265860461,
        -0.3696451402242068,
        505.89670792956645
      ],
      [
        -0.3723903378396458,
        -0.07843874526897002,
        0.9247555350060386,
        653.6409966316203
      ],
      [
        0.014982574596249493,
        0.995784038672114,
        0.090496799856804,
        41.348521475667
      ],
      [
        0.0,
        0.0,
        0.0,
        1.0
      ]
    ]
  },
  "wayp_44": {
    "cam_id": "wayp_44",
    "file_path": "./images/wayp_44_inpaint_0.png",
    "mask_path": "./mask/wayp_44_GSmask.png",
    "depth_path": "./depth/wayp_44_depth.png",
    "wid": 3072,
    "hei": 2048,
    "cx": 1536.0,
    "cy": 1024.0,
    "fx": 1000.0,
    "fy": 1400.0,
    "k1": 0.0,
    "k2": 0.0,
    "p1": 0.0,
    "p2": 0.0,
    "k3": 0.0,
