{
  "meta": {
    "mode": "waypoints",
    "waypoints": ["grindwald","kleineScheidegg", "truemelbach", "Lauterbrunnen_hinten", "Lauterbrunnen", "Ahorni", "Faulhorn", 
            "Burglauen", "Eiger", "Alpiglen", "Reeti", "Locherhorn", "Isenfluh", "Maulerhubel", "Schneehoren",
            "Alpiglen2", "Reeti2", "Locherhorn2", "Isenfluh2", "Maulerhubel2"],
    "nbr_points": [600],
    "interpolation": "smooth"
  },
  "grindwald": {
    "cam_id": "grindwald",
    "_comment": "46.624897, 8.031098",
    "file_path": "",
    "wid": 3072.0,
    "hei": 2048.0,
    "cx": 1536.0,
    "cy": 1024.0,
    "fx": 1000.0,
    "fy": 1400.0,
    "k1": 0,
    "k2": 0,
    "p1": 0,
    "p2": 0,
    "k3": 0,
    "k4": 0,
    "k5": 0,
    "k6": 0,
    "transform_matrix": [
      [
          -0.9279552698135376,
          0.047555357217788696,
          -0.3696451485157013,
          8.02
      ],
      [
          -0.3723903298377991,
          -0.07843872904777527,
          0.9247555136680603,
          46.624897
      ],
      [
          0.014982585795223713,
          0.9957840442657471,
          0.09049678593873978,
          1300.0
      ],
      [
          0.0,
          0.0,
          0.0,
          1.0
      ]
    ]
  },
  "kleineScheidegg": {
    "cam_id": "kleineScheidegg",
    "_comment": "46.588831, 7.962771",
    "file_path": "",
    "wid": 3072.0,
    "hei": 2048.0,
    "cx": 1536.0,
    "cy": 1024.0,
    "fx": 1000.0,
    "fy": 1400.0,
    "k1": 0,
    "k2": 0,
    "p1": 0,
    "p2": 0,
    "k3": 0,
    "k4": 0,
    "k5": 0,
    "k6": 0,
    "transform_matrix": [
      [
          -0.9279552698135376,
          0.047555357217788696,
          -0.3696451485157013,
          7.962771
      ],
      [
          -0.3723903298377991,
          -0.07843872904777527,
          0.9247555136680603,
          46.588831
      ],
      [
          0.014982585795223713,
          0.9957840442657471,
          0.09049678593873978,
          2400.0
      ],
      [
          0.0,
          0.0,
          0.0,
          1.0
      ]
    ]
  },
  "truemelbach": {
    "cam_id": "truemelbach",
    "_comment": "46.564928, 7.936351",
    "file_path": "",
    "wid": 3072.0,
    "hei": 2048.0,
    "cx": 1536.0,
    "cy": 1024.0,
    "fx": 1000.0,
    "fy": 1400.0,
    "k1": 0,
    "k2": 0,
    "p1": 0,
    "p2": 0,
    "k3": 0,
    "k4": 0,
    "k5": 0,
    "k6": 0,
    "transform_matrix": [
      [
          -0.9279552698135376,
          0.047555357217788696,
          -0.3696451485157013,
          7.936351
      ],
      [
          -0.3723903298377991,
          -0.07843872904777527,
          0.9247555136680603,
          46.564928
      ],
      [
          0.014982585795223713,
          0.9957840442657471,
          0.09049678593873978,
          2300.0
      ],
      [
          0.0,
          0.0,
          0.0,
          1.0
      ]
    ]
  },
  "Lauterbrunnen_hinten": {
    "cam_id": "Lauterbrunnen_hinten",
    "_comment": "46.569399, 7.913546",
    "file_path": "",
    "wid": 3072.0,
    "hei": 2048.0,
    "cx": 1536.0,
    "cy": 1024.0,
    "fx": 1000.0,
    "fy": 1400.0,
    "k1": 0,
    "k2": 0,
    "p1": 0,
    "p2": 0,
    "k3": 0,
    "k4": 0,
    "k5": 0,
    "k6": 0,
    "transform_matrix": [
      [
          -0.5732118487358093,
          -0.04715196043252945,
          0.818049430847168,
          7.913546
      ],
      [
          0.8193819522857666,
          -0.040823664516210556,
          0.5717925429344177,
          46.569399
      ],
      [
          0.0064346375875175,
          0.9980531930923462,
          0.062036074697971344,
          1400.0
      ],
      [
          0.0,
          0.0,
          0.0,
          1.0
      ]
    ]
  },
  "Lauterbrunnen": {
    "cam_id": "Lauterbrunnen",
    "_comment": "46.598880, 7.907855",
    "file_path": "",
    "wid": 3072.0,
    "hei": 2048.0,
    "cx": 1536.0,
    "cy": 1024.0,
    "fx": 1000.0,
    "fy": 1400.0,
    "k1": 0,
    "k2": 0,
    "p1": 0,
    "p2": 0,
    "k3": 0,
    "k4": 0,
    "k5": 0,
    "k6": 0,
    "transform_matrix": [
      [
          -0.5732118487358093,
          -0.04715196043252945,
          0.818049430847168,
          7.907855
      ],
      [
          0.8193819522857666,
          -0.040823664516210556,
          0.5717925429344177,
          46.598880
      ],
      [
          0.0064346375875175,
          0.9980531930923462,
          0.062036074697971344,
          820.0
      ],
      [
          0.0,
          0.0,
          0.0,
          1.0
      ]
    ]
  },
  "Ahorni": {
    "cam_id": "Ahorni",
    "_comment": "46.630813, 7.892298",
    "file_path": "",
    "wid": 3072.0,
    "hei": 2048.0,
    "cx": 1536.0,
    "cy": 1024.0,
    "fx": 1000.0,
    "fy": 1400.0,
    "k1": 0,
    "k2": 0,
    "p1": 0,
    "p2": 0,
    "k3": 0,
    "k4": 0,
    "k5": 0,
    "k6": 0,
    "transform_matrix": [
      [
          0.997894287109375,
          0.06346398591995239,
          -0.013391552492976189,
          7.892298
      ],
      [
          -0.006531990133225918,
          -0.10708478093147278,
          -0.9942284226417542,
          46.630813
      ],
      [
          -0.06453172862529755,
          0.9922223687171936,
          -0.10644474625587463,
          2500.0
      ],
      [
        0.0,
        0.0,
        0.0,
        1.0
      ]
    ]
  },
  "Faulhorn": {
    "cam_id": "Faulhorn",
    "_comment": "46.653761, 7.956230",
    "file_path": "",
    "wid": 3072.0,
    "hei": 2048.0,
    "cx": 1536.0,
    "cy": 1024.0,
    "fx": 1000.0,
    "fy": 1400.0,
    "k1": 0,
    "k2": 0,
    "p1": 0,
    "p2": 0,
    "k3": 0,
    "k4": 0,
    "k5": 0,
    "k6": 0,
    "transform_matrix": [
      [
          0.997894287109375,
          0.06346398591995239,
          -0.013391552492976189,
          7.956230
      ],
      [
          -0.006531990133225918,
          -0.10708478093147278,
          -0.9942284226417542,
          46.653761
      ],
      [
          -0.06453172862529755,
          0.9922223687171936,
          -0.10644474625587463,
          2200.0
      ],
      [
        0.0,
        0.0,
        0.0,
        1.0
      ]
    ]
  },
  "Burglauen": {
    "cam_id": "Burglauen",
    "_comment": "46.630598, 7.990772",
    "file_path": "",
    "wid": 3072.0,
    "hei": 2048.0,
    "cx": 1536.0,
    "cy": 1024.0,
    "fx": 1000.0,
    "fy": 1400.0,
    "k1": 0,
    "k2": 0,
    "p1": 0,
    "p2": 0,
    "k3": 0,
    "k4": 0,
    "k5": 0,
    "k6": 0,
    "transform_matrix": [
      [
          0.0945039689540863,
          -0.13407723605632782,
          -0.986454427242279,
          7.990772
      ],
      [
          -0.9951208233833313,
          0.01549189630895853,
          -0.09743985533714294,
          46.630598
      ],
      [
          0.02834651619195938,
          0.9908497929573059,
          -0.1319590061903,
          1600.0
      ],
      [
        0.0,
        0.0,
        0.0,
        1.0
      ]
    ]
  },
  "Eiger": {
    "cam_id": "Eiger",
    "_comment": "46.577496, 7.987300",
    "file_path": "",
    "wid": 3072.0,
    "hei": 2048.0,
    "cx": 1536.0,
    "cy": 1024.0,
    "fx": 1000.0,
    "fy": 1400.0,
    "k1": 0,
    "k2": 0,
    "p1": 0,
    "p2": 0,
    "k3": 0,
    "k4": 0,
    "k5": 0,
    "k6": 0,
    "transform_matrix": [
      [
          0.0945039689540863,
          -0.13407723605632782,
          -0.986454427242279,
          7.987300
      ],
      [
          -0.9951208233833313,
          0.01549189630895853,
          -0.09743985533714294,
          46.577496
      ],
      [
          0.02834651619195938,
          0.9908497929573059,
          -0.1319590061903,
          3300.0
      ],
      [
        0.0,
        0.0,
        0.0,
        1.0
      ]
    ]
  },
  "Alpiglen": {
    "cam_id": "Alpiglen",
    "_comment": "46.600271, 8.006487",
    "file_path": "",
    "wid": 3072.0,
    "hei": 2048.0,
    "cx": 1536.0,
    "cy": 1024.0,
    "fx": 1000.0,
    "fy": 1400.0,
    "k1": 0,
    "k2": 0,
    "p1": 0,
    "p2": 0,
    "k3": 0,
    "k4": 0,
    "k5": 0,
    "k6": 0,
    "transform_matrix": [
      [
        -0.4221208095550537,
        -0.016277898102998734,
        0.9063934087753296,
        8.006487
      ],
      [
        0.9065394401550293,
        -0.008107258006930351,
        0.42204323410987854,
        46.600271
      ],
      [
        0.00047838877071626484,
        0.9998346567153931,
        0.018178800120949745,
        2341.0
      ],
      [
        0.0,
        0.0,
        0.0,
        1.0
      ]
    ]
  },
  "Reeti": {
    "cam_id": "Reeti",
    "_comment": "46.662573, 8.014008",
    "file_path": "",
    "wid": 3072.0,
    "hei": 2048.0,
    "cx": 1536.0,
    "cy": 1024.0,
    "fx": 1000.0,
    "fy": 1400.0,
    "k1": 0,
    "k2": 0,
    "p1": 0,
    "p2": 0,
    "k3": 0,
    "k4": 0,
    "k5": 0,
    "k6": 0,
    "transform_matrix": [
      [
        -0.3766181170940399,
        0.0012958260485902429,
        -0.9263677000999451,
        8.014008
      ],
      [
        -0.92636638879776,
        -0.0027104204054921865,
        0.3766137957572937,
        46.662573
      ],
      [
        -0.0020228198263794184,
        0.9999954700469971,
        0.002221203176304698,
        2750.0
      ],
      [
        0.0,
        0.0,
        0.0,
        1.0
      ]
    ]

  },
  "Locherhorn": {
    "cam_id": "Locherhorn",
    "_comment": "46.668332, 7.938249",
    "file_path": "",
    "wid": 3072.0,
    "hei": 2048.0,
    "cx": 1536.0,
    "cy": 1024.0,
    "fx": 1000.0,
    "fy": 1400.0,
    "k1": 0,
    "k2": 0,
    "p1": 0,
    "p2": 0,
    "k3": 0,
    "k4": 0,
    "k5": 0,
    "k6": 0,
    "transform_matrix": [
      [
        0.05864986777305603,
        0.05513234809041023,
        -0.996755063533783,
        7.938249
      ],
      [
        -0.9982784390449524,
        0.0026950722094625235,
        -0.05859043821692467,
        46.668332
      ],
      [
        -0.0005439016385935247,
        0.9984754323959351,
        0.05519550293684006,
        2550.0
      ],
      [
        0.0,
        0.0,
        0.0,
        1.0
      ]
    ]
  },
  "Isenfluh": {
    "cam_id": "Isenfluh",
    "_comment": "46.625635, 7.892758",
    "file_path": "",
    "wid": 3072.0,
    "hei": 2048.0,
    "cx": 1536.0,
    "cy": 1024.0,
    "fx": 1000.0,
    "fy": 1400.0,
    "k1": 0,
    "k2": 0,
    "p1": 0,
    "p2": 0,
    "k3": 0,
    "k4": 0,
    "k5": 0,
    "k6": 0,
    "transform_matrix": [
      [
        0.6011306047439575,
        0.0158125888556242,
        -0.7989943027496338,
        7.892758
      ],
      [
        -0.7969181537628174,
        0.08654438704252243,
        -0.597855806350708,
        46.625635
      ],
      [
        0.05969482660293579,
        0.9961224794387817,
        0.0646258220076561,
        1600.0
      ],
      [
        0.0,
        0.0,
        0.0,
        1.0
      ]
    ]
  },
  "Maulerhubel": {
    "cam_id": "Maulerhubel",
    "_comment": "46.571028, 7.887763",
    "file_path": "",
    "wid": 3072.0,
    "hei": 2048.0,
    "cx": 1536.0,
    "cy": 1024.0,
    "fx": 1000.0,
    "fy": 1400.0,
    "k1": 0,
    "k2": 0,
    "p1": 0,
    "p2": 0,
    "k3": 0,
    "k4": 0,
    "k5": 0,
    "k6": 0,
    "transform_matrix":[
      [
        0.9984092116355896,
        -8.196404087357223e-05,
        -0.056383244693279266,
        7.887763
      ],
      [
        -0.0563170500099659,
        0.04701511189341545,
        -0.9973053336143494,
        46.571028
      ],
      [
        0.0027326077688485384,
        0.9988941550254822,
        0.04693570360541344,
        2000.0
      ],
      [
        0.0,
        0.0,
        0.0,
        1.0
      ]
    ]
  },
  "Schneehoren": {
    "cam_id": "Schneehoren",
    "_comment": "46.550586, 7.961911",
    "file_path": "",
    "wid": 3072.0,
    "hei": 2048.0,
    "cx": 1536.0,
    "cy": 1024.0,
    "fx": 1000.0,
    "fy": 1400.0,
    "k1": 0,
    "k2": 0,
    "p1": 0,
    "p2": 0,
    "k3": 0,
    "k4": 0,
    "k5": 0,
    "k6": 0,
    "transform_matrix": [
      [
          -0.21221107244491577,
          0.2058669626712799,
          0.9552932977676392,
          7.961911
      ],
      [
          0.9753146767616272,
          0.016457917168736458,
          0.2202053815126419,
          46.550586
      ],
      [
          0.061055153608322144,
          0.978441596031189,
          -0.1972925215959549,
          3500.0
      ],
      [
          0.0,
          0.0,
          0.0,
          1.0
      ]
    ]
  },
  "Alpiglen2": {
    "cam_id": "Alpiglen2",
    "_comment": "46.600271, 8.006487",
    "file_path": "",
    "wid": 3072.0,
    "hei": 2048.0,
    "cx": 1536.0,
    "cy": 1024.0,
    "fx": 1000.0,
    "fy": 1400.0,
    "k1": 0,
    "k2": 0,
    "p1": 0,
    "p2": 0,
    "k3": 0,
    "k4": 0,
    "k5": 0,
    "k6": 0,
    "transform_matrix": [
      [
        -0.3574291826708009,
        -0.2251579643856349,
        0.906393,
        8.006487
      ],
      [
        0.9255902597541763,
        -0.21488601815722508,
        0.31161943175727785,
        46.600271
      ],
      [
        0.12460758573810488,
        0.9503304111067106,
        0.2852105525787415,
        3500.0
      ],
      [
        0.0,
        0.0,
        0.0,
        1.0
      ]
    ]
  },
  "Reeti2": {
    "cam_id": "Reeti2",
    "_comment": "46.662573, 8.014008",
    "file_path": "",
    "wid": 3072.0,
    "hei": 2048.0,
    "cx": 1536.0,
    "cy": 1024.0,
    "fx": 1000.0,
    "fy": 1400.0,
    "k1": 0,
    "k2": 0,
    "p1": 0,
    "p2": 0,
    "k3": 0,
    "k4": 0,
    "k5": 0,
    "k6": 0,
    "transform_matrix": [
      [
        -0.2876732737572698,
        0.24307811867239953,
        -0.9263677000999451,
        8.014008
      ],
      [
        -0.9571267410973145,
        -0.03868156957230362,
        0.287075142866562,
        46.662573
      ],
      [
        0.03394832900466327,
        0.9692351440172348,
        0.24378422130991428,
        3100.0
      ],
      [
        0.0,
        0.0,
        0.0,
        1.0
      ]
    ]

  },
  "Locherhorn2": {
    "cam_id": "Locherhorn2",
    "_comment": "46.668332, 7.938249",
    "file_path": "",
    "wid": 3072.0,
    "hei": 2048.0,
    "cx": 1536.0,
    "cy": 1024.0,
    "fx": 1000.0,
    "fy": 1400.0,
    "k1": 0,
    "k2": 0,
    "p1": 0,
    "p2": 0,
    "k3": 0,
    "k4": 0,
    "k5": 0,
    "k6": 0,
    "transform_matrix": [
      [
        0.05864986777305603,
        0.05513234809041023,
        -0.996755063533783,
        7.938249
      ],
      [
        -0.9982784390449524,
        0.0026950722094625235,
        -0.05859043821692467,
        46.668332
      ],
      [
        -0.0005439016385935247,
        0.9984754323959351,
        0.05519550293684006,
        3000.0
      ],
      [
        0.0,
        0.0,
        0.0,
        1.0
      ]
    ]
  },
  "Isenfluh2": {
    "cam_id": "Isenfluh2",
    "_comment": "46.625635, 7.892758",
    "file_path": "",
    "wid": 3072.0,
    "hei": 2048.0,
    "cx": 1536.0,
    "cy": 1024.0,
    "fx": 1000.0,
    "fy": 1400.0,
    "k1": 0,
    "k2": 0,
    "p1": 0,
    "p2": 0,
    "k3": 0,
    "k4": 0,
    "k5": 0,
    "k6": 0,
    "transform_matrix": [
      [
        0.4572150765354895,
        0.39059247043725653,
        -0.79899430274963,
        7.892758
      ],
      [
        -0.8892807786033912,
        0.18908870246054305,
        -0.41644346484046857,
        46.625635
      ],
      [
        -0.011578885749195578,
        0.9009345062986037,
        0.43380058179455916,
        3500.0
      ],
      [
        0.0,
        0.0,
        0.0,
        1.0
      ]
    ]
  },
  "Maulerhubel2": {
    "cam_id": "Maulerhubel2",
    "_comment": "46.571028, 7.887763",
    "file_path": "",
    "wid": 3072.0,
    "hei": 2048.0,
    "cx": 1536.0,
    "cy": 1024.0,
    "fx": 1000.0,
    "fy": 1400.0,
    "k1": 0,
    "k2": 0,
    "p1": 0,
    "p2": 0,
    "k3": 0,
    "k4": 0,
    "k5": 0,
    "k6": 0,
    "transform_matrix":[
      [
        0.9984091995358706,
        -8.196404087357223e-05,
        -0.05638324469327925,
        7.887763
      ],
      [
        -0.041440542602807676,
        0.6780890647707079,
        -0.7338105352658625,
        46.571028
      ],
      [
        0.03823286166280371,
        0.7349797413795748,
        0.6770103603717494,
        4500.0
      ],
      [
        0.0,
        0.0,
        0.0,
        1.0
      ]
    ]
  }
}
