{
  "meta": {
    "mode": "waypoints",
    "waypoints": ["81_19-MANN_1", "88_21-JUNGFLAUB_0","105_25-JUNGFOST_1"],
    "nbr_points": [120],
    "interpolation": "smooth"
  },
  "81_19-MANN_1": {
    "_comment": "[7.941999912261963, 46.61096954345703, 2243.0",
    "cam_id": "81_19-MANN_1",
    "wid": 3072.0,        
    "hei": 2048.0,
    "cx": 1536.0,
    "cy": 1024.0,
    "file_path": "./seasonScapes/data/2024-10-09/12-00-00/imagesPlane/81_19-MANN_1.jpg",
    "transform_matrix": [
        [
            -0.9279552698135376,
            0.047555357217788696,
            -0.3696451485157013,
            7.941999912261963
        ],
        [
            -0.3723903298377991,
            -0.07843872904777527,
            0.9247555136680603,
            46.61096954345703
        ],
        [
            0.014982585795223713,
            0.9957840442657471,
            0.09049678593873978,
            2243.0
        ],
        [
            0.0,
            0.0,
            0.0,
            1.0
        ]
    ],
    "fx": 1420.0565185546875,
    "fy": 1668.0391845703125,
    "k1": 0.0,
    "k2": 0.0,
    "p1": 0.0,
    "p2": 0.0,
    "k3": 0.0,
    "k4": 0.0,
    "k5": 0.0,
    "k6": 0.0
    },
  "88_21-JUNGFLAUB_0": {
      "_comment": "[7.94704008102417, 46.58652114868164, 2324.0",
      "cam_id": "88_21-JUNGFLAUB_0",
      "wid": 3072.0,
      "hei": 2048.0,
      "cx": 1536.0,
      "cy": 996.0,
      "file_path": "./seasonScapes/data/2024-10-09/12-00-00/imagesPlane/88_21-JUNGFLAUB_0.jpg",
      "transform_matrix": [
          [
              0.9984092116355896,
              -8.196404087357223e-05,
              -0.056383244693279266,
              7.94704008102417
          ],
          [
              -0.0563170500099659,
              0.04701511189341545,
              -0.9973053336143494,
              46.58652114868164
          ],
          [
              0.0027326077688485384,
              0.9988941550254822,
              0.04693570360541344,
              2324.0
          ],
          [
              0.0,
              0.0,
              0.0,
              1.0
          ]
      ],
      "fx": 1498.548583984375,
      "fy": 1956.00341796875,
      "k1": 0.0,
      "k2": 0.0,
      "p1": 0.0,
      "p2": 0.0,
      "k3": 0.0,
      "k4": 0.0,
      "k5": 0.0,
      "k6": 0.0
  },
  "105_25-JUNGFOST_1": {
      "_comment": "[7.97150993347168, 46.54541015625, 3697.0",
      "cam_id": "105_25-JUNGFOST_1",
      "wid": 3072.0,
      "hei": 2048.0,
      "cx": 1536.0,
      "cy": 955.0,
      "file_path": "./seasonScapes/data/2024-10-09/12-00-00/imagesPlane/105_25-JUNGFOST_1.jpg",
      "transform_matrix": [
          [
            0.3323131799697876,
            -0.0401497557759285,
            0.9423141479492188,
            7.97150993347168
          ],
          [
            0.943117618560791,
            0.003705475013703108,
            -0.3324386477470398,
            46.54541015625
          ],
          [
            0.009855608455836773,
            0.9991868138313293,
            0.039097320288419724,
            3697.0
          ],
          [
            0.0,
            0.0,
            0.0,
            1.0
          ]
        ],
      "fx": 1557.9825439453125,
      "fy": 2031.706787109375,
      "k1": 0.0,
      "k2": 0.0,
      "p1": 0.0,
      "p2": 0.0,
      "k3": 0.0,
      "k4": 0.0,
      "k5": 0.0,
      "k6": 0.0
  }
}