{
  "1": {
    "_comment": "[7.966238972507809, 46.54478427539248, 3956.3213152288113]",
    "cam_id": "meshAoi_1",
    "file_path": "./images/0.png",
    "hei": 512,
    "wid": 768,
    "cx": 384.0,
    "cy": 256.0,
    "fx": 460.79999999999995,
    "fy": 512,
    "k1": 0,
    "k2": 0,
    "k3": 0,
    "k4": 0,
    "k5": 0,
    "k6": 0,
    "p1": 0,
    "p2": 0,
    "transform_matrix": [
      [
        0.23407972558360937,
        0.015223235184382322,
        0.9720982127240144,
        680.2919372918706
      ],
      [
        0.9722174047355366,
        -0.0036652817539553776,
        -0.23405102785282098,
        781.3098080166601
      ],
      [
        5.219298062266934e-17,
        0.9998774018949449,
        -0.015658262349791372,
        65.93868858714686
      ],
      [
        0.0,
        0.0,
        0.0,
        1.0
      ]
    ]
  },
  "2": {
    "_comment": "[7.978767708215288, 46.643456966955455, 1446.7868348674278]",
    "cam_id": "meshAoi_2",
    "file_path": "./images/1.png",
    "hei": 512,
    "wid": 768,
    "cx": 384.0,
    "cy": 256.0,
    "fx": 460.79999999999995,
    "fy": 512,
    "k1": 0,
    "k2": 0,
    "k3": 0,
    "k4": 0,
    "k5": 0,
    "k6": 0,
    "p1": 0,
    "p2": 0,
    "transform_matrix": [
      [
        -0.6752008036422205,
        -0.007754165035451151,
        -0.7375932128792285,
        460.3614714303976
      ],
      [
        -0.7376339707205058,
        0.007097854317090129,
        0.6751634955351139,
        808.0377775259478
      ],
      [
        -1.4992469568980046e-16,
        0.9999447451678001,
        -0.0105122124837566,
        24.11311391445713
      ],
      [
        0.0,
        0.0,
        0.0,
        1.0
      ]
    ]
  },
  "3": {
    "_comment": "[8.014584550849063, 46.56881483942425, 4628.740361249946]",
    "cam_id": "meshAoi_3",
    "file_path": "./images/2.png",
    "hei": 512,
    "wid": 768,
    "cx": 384.0,
    "cy": 256.0,
    "fx": 460.79999999999995,
    "fy": 512,
    "k1": 0,
    "k2": 0,
    "k3": 0,
    "k4": 0,
    "k5": 0,
    "k6": 0,
    "p1": 0,
    "p2": 0,
    "transform_matrix": [
      [
        -0.9405026165094634,
        0.004625359802870188,
        0.3397549622677312,
        626.7304801277288
      ],
      [
        0.33978644519588114,
        0.01280263841716677,
        0.9404154741978177,
        884.447041811336
      ],
      [
        -2.0970089365179046e-16,
        0.9999073449556484,
        -0.013612549494739104,
        77.1456726874991
      ],
      [
        0.0,
        0.0,
        0.0,
        1.0
      ]
    ]
  },
  "4": {
    "_comment": "[8.014335008183512, 46.62688492903982, 5203.5531201084195]",
    "cam_id": "meshAoi_4",
    "file_path": "./images/3.png",
    "hei": 512,
    "wid": 768,
    "cx": 384.0,
    "cy": 256.0,
    "fx": 460.79999999999995,
    "fy": 512,
    "k1": 0,
    "k2": 0,
    "k3": 0,
    "k4": 0,
    "k5": 0,
    "k6": 0,
    "p1": 0,
    "p2": 0,
    "transform_matrix": [
      [
        -0.998937592692277,
        0.0007596493012395364,
        0.04607720520059911,
        497.2987026068058
      ],
      [
        0.046083466733298106,
        0.016466691810807395,
        0.9988018633115625,
        883.9146841248256
      ],
      [
        -2.218087031141185e-16,
        0.9998641262660379,
        -0.01648420475039621,
        86.72588533514032
      ],
      [
        0.0,
        0.0,
        0.0,
        1.0
      ]
    ]
  },
  "5": {
    "_comment": "[7.926247847518939, 46.6481137623411, 1973.1095792948347]",
    "cam_id": "meshAoi_5",
    "file_path": "./images/4.png",
    "hei": 512,
    "wid": 768,
    "cx": 384.0,
    "cy": 256.0,
    "fx": 460.79999999999995,
    "fy": 512,
    "k1": 0,
    "k2": 0,
    "k3": 0,
    "k4": 0,
    "k5": 0,
    "k6": 0,
    "p1": 0,
    "p2": 0,
    "transform_matrix": [
      [
        0.558547520355923,
        -0.010671779595757986,
        -0.8294038706351144,
        449.9819919375102
      ],
      [
        -0.8294725236584092,
        -0.007186128365898892,
        -0.5585012910055437,
        695.9954080404032
      ],
      [
        1.2402246348928686e-16,
        0.9999172329144892,
        -0.012865742132951878,
        32.88515965491391
      ],
      [
        0.0,
        0.0,
        0.0,
        1.0
      ]
    ]
  },
  "6": {
    "_comment": "[7.9603164997092115, 46.66850903645425, 4220.027231279088]",
    "cam_id": "meshAoi_6",
    "file_path": "./images/5.png",
    "hei": 512,
    "wid": 768,
    "cx": 384.0,
    "cy": 256.0,
    "fx": 460.79999999999995,
    "fy": 512,
    "k1": 0,
    "k2": 0,
    "k3": 0,
    "k4": 0,
    "k5": 0,
    "k6": 0,
    "p1": 0,
    "p2": 0,
    "transform_matrix": [
      [
        -0.3706364515636696,
        -0.01443901273541332,
        -0.928665782552323,
        404.5231920808541
      ],
      [
        -0.9287780255649312,
        0.005762005879802129,
        0.3705916600733879,
        768.675199379652
      ],
      [
        -8.186414358927627e-17,
        0.9998791497973482,
        -0.015546247152682937,
        70.3337871879848
      ],
      [
        0.0,
        0.0,
        0.0,
        1.0
      ]
    ]
  },
  "7": {
    "_comment": "[7.952810709529887, 46.557841810274056, 2601.944692652414]",
    "cam_id": "meshAoi_7",
    "file_path": "./images/6.png",
    "hei": 512,
    "wid": 768,
    "cx": 384.0,
    "cy": 256.0,
    "fx": 460.79999999999995,
    "fy": 512,
    "k1": 0,
    "k2": 0,
    "k3": 0,
    "k4": 0,
    "k5": 0,
    "k6": 0,
    "p1": 0,
    "p2": 0,
    "transform_matrix": [
      [
        -0.36377824736998304,
        0.013153069773417719,
        0.931392711747284,
        651.1881428780483
      ],
      [
        0.9314855805327443,
        0.005136741533854457,
        0.36374197880639364,
        752.6628469970926
      ],
      [
        -8.077499721758824e-17,
        0.9999003003509651,
        -0.014120529666057865,
        43.36574487754023
      ],
      [
        0.0,
        0.0,
        0.0,
        1.0
      ]
    ]
  },
  "8": {
    "_comment": "[7.956843145951264, 46.540690781099045, 4947.807668541231]",
    "cam_id": "meshAoi_8",
    "file_path": "./images/7.png",
    "hei": 512,
    "wid": 768,
    "cx": 384.0,
    "cy": 256.0,
    "fx": 460.79999999999995,
    "fy": 512,
    "k1": 0,
    "k2": 0,
    "k3": 0,
    "k4": 0,
    "k5": 0,
    "k6": 0,
    "p1": 0,
    "p2": 0,
    "transform_matrix": [
      [
        -0.0468116626697508,
        0.016067689452209443,
        0.9987744978691441,
        689.4158812392393
      ],
      [
        0.9989037332186188,
        0.0007529807262763888,
        0.046805606308778835,
        761.2653780293631
      ],
      [
        -1.0340067034764427e-17,
        0.9998706228186192,
        -0.016085323257764707,
        82.46346114235385
      ],
      [
        0.0,
        0.0,
        0.0,
        1.0
      ]
    ]
  },
  "9": {
    "_comment": "[7.953942886348226, 46.574460712810435, 2347.9991146364478]",
    "cam_id": "meshAoi_9",
    "file_path": "./images/8.png",
    "hei": 512,
    "wid": 768,
    "cx": 384.0,
    "cy": 256.0,
    "fx": 460.79999999999995,
    "fy": 512,
    "k1": 0,
    "k2": 0,
    "k3": 0,
    "k4": 0,
    "k5": 0,
    "k6": 0,
    "p1": 0,
    "p2": 0,
    "transform_matrix": [
      [
        -0.5719545868813287,
        0.013407254176887424,
        0.8201757104918708,
        614.1464556691856
      ],
      [
        0.8202852860715037,
        0.009348382391057907,
        0.5718781838829508,
        755.0781575428839
      ],
      [
        -1.2699943027912418e-16,
        0.9998664177189407,
        -0.01634462351640768,
        39.13331857727413
      ],
      [
        0.0,
        0.0,
        0.0,
        1.0
      ]
    ]
  },
  "10": {
    "_comment": "[7.9061869430743865, 46.54003280335886, 3559.569818041702]",
    "cam_id": "meshAoi_10",
    "file_path": "./images/9.png",
    "hei": 512,
    "wid": 768,
    "cx": 384.0,
    "cy": 256.0,
    "fx": 460.79999999999995,
    "fy": 512,
    "k1": 0,
    "k2": 0,
    "k3": 0,
    "k4": 0,
    "k5": 0,
    "k6": 0,
    "p1": 0,
    "p2": 0,
    "transform_matrix": [
      [
        0.20802062716684216,
        0.009936050070739817,
        0.978073971426551,
        690.8824405134683
      ],
      [
        0.978124439257661,
        -0.002113129254642842,
        -0.20800989402343228,
        653.1988118920253
      ],
      [
        4.6406698410015755e-17,
        0.9999484034657713,
        -0.010158267876713832,
        59.32616363402837
      ],
      [
        0.0,
        0.0,
        0.0,
        1.0
      ]
    ]
  },
  "11": {
    "_comment": "[8.010509841242968, 46.57681106776828, 4083.91282115067]",
    "cam_id": "meshAoi_11",
    "file_path": "./images/10.png",
    "hei": 512,
    "wid": 768,
    "cx": 384.0,
    "cy": 256.0,
    "fx": 460.79999999999995,
    "fy": 512,
    "k1": 0,
    "k2": 0,
    "k3": 0,
    "k4": 0,
    "k5": 0,
    "k6": 0,
    "p1": 0,
    "p2": 0,
    "transform_matrix": [
      [
        -0.9929644164081822,
        0.0018504386200078812,
        0.11839866394546811,
        608.9077756186936
      ],
      [
        0.11841312320498226,
        0.01551702762906433,
        0.992843166923357,
        875.7543279849983
      ],
      [
        -2.204823915459691e-16,
        0.9998778914099824,
        -0.01562697250037775,
        68.0652136858445
      ],
      [
        0.0,
        0.0,
        0.0,
        1.0
      ]
    ]
  },
  "12": {
    "_comment": "[7.925644501754188, 46.644276863372866, 4901.727893633921]",
    "cam_id": "meshAoi_12",
    "file_path": "./images/11.png",
    "hei": 512,
    "wid": 768,
    "cx": 384.0,
    "cy": 256.0,
    "fx": 460.79999999999995,
    "fy": 512,
    "k1": 0,
    "k2": 0,
    "k3": 0,
    "k4": 0,
    "k5": 0,
    "k6": 0,
    "p1": 0,
    "p2": 0,
    "transform_matrix": [
      [
        0.3422464963083471,
        -0.017516259407593025,
        -0.939446920491534,
        458.5340134155897
      ],
      [
        -0.9396102041616304,
        -0.006380175932663171,
        -0.3421870213646446,
        694.7082704089344
      ],
      [
        7.599398805976316e-17,
        0.9998262219063041,
        -0.018642048936901374,
        81.69546489389867
      ],
      [
        0.0,
        0.0,
        0.0,
        1.0
      ]
    ]
  },
  "13": {
    "_comment": "[7.98422280212441, 46.546303646902764, 5088.692961046153]",
    "cam_id": "meshAoi_13",
    "file_path": "./images/12.png",
    "hei": 512,
    "wid": 768,
    "cx": 384.0,
    "cy": 256.0,
    "fx": 460.79999999999995,
    "fy": 512,
    "k1": 0,
    "k2": 0,
    "k3": 0,
    "k4": 0,
    "k5": 0,
    "k6": 0,
    "p1": 0,
    "p2": 0,
    "transform_matrix": [
      [
        -0.35099792081125497,
        0.014302922366526269,
        0.9362669950382492,
        676.9054270145043
      ],
      [
        0.9363762382643933,
        0.005361409022382808,
        0.35095697130434483,
        819.6753111987429
      ],
      [
        -7.750351378704838e-17,
        0.9998833340470635,
        -0.015274760061230592,
        84.81154935076921
      ],
      [
        0.0,
        0.0,
        0.0,
        1.0
      ]
    ]
  },
  "14": {
    "_comment": "[7.972058942249809, 46.57867405767079, 3208.7310614782878]",
    "cam_id": "meshAoi_14",
    "file_path": "./images/13.png",
    "hei": 512,
    "wid": 768,
    "cx": 384.0,
    "cy": 256.0,
    "fx": 460.79999999999995,
    "fy": 512,
    "k1": 0,
    "k2": 0,
    "k3": 0,
    "k4": 0,
    "k5": 0,
    "k6": 0,
    "p1": 0,
    "p2": 0,
    "transform_matrix": [
      [
        -0.3520624919804603,
        0.015949199832254356,
        0.9358405979466905,
        604.7553781248863
      ],
      [
        0.9359764963611578,
        0.005999205172211105,
        0.35201137452757597,
        793.7257434662608
      ],
      [
        -7.817357694072336e-17,
        0.9998548057403197,
        -0.017040171301588105,
        53.47885102463813
      ],
      [
        0.0,
        0.0,
        0.0,
        1.0
      ]
    ]
  },
  "15": {
    "_comment": "[7.985801333477823, 46.54586447369548, 4285.571721752113]",
    "cam_id": "meshAoi_15",
    "file_path": "./images/14.png",
    "hei": 512,
    "wid": 768,
    "cx": 384.0,
    "cy": 256.0,
    "fx": 460.79999999999995,
    "fy": 512,
    "k1": 0,
    "k2": 0,
    "k3": 0,
    "k4": 0,
    "k5": 0,
    "k6": 0,
    "p1": 0,
    "p2": 0,
    "transform_matrix": [
      [
        -0.16811174319370165,
        0.012710319145235054,
        0.9856859994884787,
        677.8842952965158
      ],
      [
        0.9857679452083917,
        0.0021676033578085876,
        0.16809776826391332,
        823.042844752689
      ],
      [
        -3.732830560070385e-17,
        0.9999168711862549,
        -0.012893824765774966,
        71.42619536253522
      ],
      [
        0.0,
        0.0,
        0.0,
        1.0
      ]
    ]
  },
  "16": {
    "_comment": "[8.000647093888004, 46.61841002955228, 3293.4893314832552]",
    "cam_id": "meshAoi_16",
    "file_path": "./images/15.png",
    "hei": 512,
    "wid": 768,
    "cx": 384.0,
    "cy": 256.0,
    "fx": 460.79999999999995,
    "fy": 512,
    "k1": 0,
    "k2": 0,
    "k3": 0,
    "k4": 0,
    "k5": 0,
    "k6": 0,
    "p1": 0,
    "p2": 0,
    "transform_matrix": [
      [
        -0.6680644583686609,
        -0.011225197617664056,
        -0.7440187325619106,
        516.18831190903
      ],
      [
        -0.7441034064325923,
        0.010078109442447653,
        0.6679884372094164,
        854.713800294409
      ],
      [
        -1.483401087229243e-16,
        0.9998862068498147,
        -0.015085534511231723,
        54.89148885805425
      ],
      [
        0.0,
        0.0,
        0.0,
        1.0
      ]
    ]
  },
  "17": {
    "_comment": "[7.893165001971549, 46.64395540321865, 1538.6305504293039]",
    "cam_id": "meshAoi_17",
    "file_path": "./images/16.png",
    "hei": 512,
    "wid": 768,
    "cx": 384.0,
    "cy": 256.0,
    "fx": 460.79999999999995,
    "fy": 512,
    "k1": 0,
    "k2": 0,
    "k3": 0,
    "k4": 0,
    "k5": 0,
    "k6": 0,
    "p1": 0,
    "p2": 0,
    "transform_matrix": [
      [
        0.8069673302643544,
        -0.004148893107016953,
        -0.5905815054435811,
        459.2505123815473
      ],
      [
        -0.5905960784546577,
        -0.00566888490502992,
        -0.8069474182732809,
        625.4186708726384
      ],
      [
        1.7918274203595586e-16,
        0.99997532491053,
        -0.007024924916319666,
        25.643842507155064
      ],
      [
        0.0,
        0.0,
        0.0,
        1.0
      ]
    ]
  },
  "18": {
    "_comment": "[7.927168675256273, 46.557193049833515, 4214.787319157404]",
    "cam_id": "meshAoi_18",
    "file_path": "./images/17.png",
    "hei": 512,
    "wid": 768,
    "cx": 384.0,
    "cy": 256.0,
    "fx": 460.79999999999995,
    "fy": 512,
    "k1": 0,
    "k2": 0,
    "k3": 0,
    "k4": 0,
    "k5": 0,
    "k6": 0,
    "p1": 0,
    "p2": 0,
    "transform_matrix": [
      [
        0.658891352026228,
        0.012967903532335597,
        0.7521263322760515,
        652.6341578155202
      ],
      [
        0.7522381180351402,
        -0.011358689870282932,
        -0.6587934379905293,
        697.9598405467168
      ],
      [
        1.4630326994918346e-16,
        0.9998513957795961,
        -0.017239093873902715,
        70.24645531929008
      ],
      [
        0.0,
        0.0,
        0.0,
        1.0
      ]
    ]
  },
  "19": {
    "_comment": "[7.919907617261379, 46.57192857293405, 3817.7904720052115]",
    "cam_id": "meshAoi_19",
    "file_path": "./images/18.png",
    "hei": 512,
    "wid": 768,
    "cx": 384.0,
    "cy": 256.0,
    "fx": 460.79999999999995,
    "fy": 512,
    "k1": 0,
    "k2": 0,
    "k3": 0,
    "k4": 0,
    "k5": 0,
    "k6": 0,
    "p1": 0,
    "p2": 0,
    "transform_matrix": [
      [
        0.41062606531390633,
        0.015297817645823702,
        0.9116754966873326,
        619.7903141047757
      ],
      [
        0.911803835528684,
        -0.006889291778589706,
        -0.4105682685911929,
        682.469583490943
      ],
      [
        9.117730244454638e-17,
        0.9998592473113725,
        -0.01677753158052217,
        63.62984120008686
      ],
      [
        0.0,
        0.0,
        0.0,
        1.0
      ]
    ]
  },
  "20": {
    "_comment": "[7.986522645082711, 46.602305535437694, 2449.7057300922347]",
    "cam_id": "meshAoi_20",
    "file_path": "./images/19.png",
    "hei": 512,
    "wid": 768,
    "cx": 384.0,
    "cy": 256.0,
    "fx": 460.79999999999995,
    "fy": 512,
    "k1": 0,
    "k2": 0,
    "k3": 0,
    "k4": 0,
    "k5": 0,
    "k6": 0,
    "p1": 0,
    "p2": 0,
    "transform_matrix": [
      [
        -0.79992193383229,
        -0.009529806393141856,
        -0.6000284014645627,
        552.083439902207
      ],
      [
        -0.6001040741188224,
        0.012702965181902398,
        0.7998210643022463,
        824.5816428431169
      ],
      [
        -1.7675098803066945e-16,
        0.9998739007823421,
        -0.015880256115799643,
        40.82842883487058
      ],
      [
        0.0,
        0.0,
        0.0,
        1.0
      ]
    ]
  },
  "21": {
    "_comment": "[7.899754213244306, 46.56300406807972, 4469.626296416376]",
    "cam_id": "meshAoi_21",
    "file_path": "./images/20.png",
    "hei": 512,
    "wid": 768,
    "cx": 384.0,
    "cy": 256.0,
    "fx": 460.79999999999995,
    "fy": 512,
    "k1": 0,
    "k2": 0,
    "k3": 0,
    "k4": 0,
    "k5": 0,
    "k6": 0,
    "p1": 0,
    "p2": 0,
    "transform_matrix": [
      [
        0.788818727330891,
        0.008395764305937489,
        0.6145685694483509,
        639.6820438134214
      ],
      [
        0.6146259150182927,
        -0.01077523084034424,
        -0.7887451292960633,
        639.4756549211877
      ],
      [
        1.7515294266765366e-16,
        0.9999066984184356,
        -0.01365995819699166,
        74.4937716069396
      ],
      [
        0.0,
        0.0,
        0.0,
        1.0
      ]
    ]
  },
  "22": {
    "_comment": "[7.9152388342054785, 46.5402712235791, 2490.5965136420996]",
    "cam_id": "meshAoi_22",
    "file_path": "./images/21.png",
    "hei": 512,
    "wid": 768,
    "cx": 384.0,
    "cy": 256.0,
    "fx": 460.79999999999995,
    "fy": 512,
    "k1": 0,
    "k2": 0,
    "k3": 0,
    "k4": 0,
    "k5": 0,
    "k6": 0,
    "p1": 0,
    "p2": 0,
    "transform_matrix": [
      [
        0.4629509332857578,
        0.007972359305853908,
        0.8863480551436574,
        690.3510283337
      ],
      [
        0.8863839085688806,
        -0.004163896868450149,
        -0.4629322073403654,
        672.5095129716881
      ],
      [
        1.0279575708111057e-16,
        0.999959550906919,
        -0.00899425094339292,
        41.509941894034995
      ],
      [
        0.0,
        0.0,
        0.0,
        1.0
      ]
    ]
  },
  "23": {
    "_comment": "[7.973524396301615, 46.54528381756527, 3798.1644921049733]",
    "cam_id": "meshAoi_23",
    "file_path": "./images/22.png",
    "hei": 512,
    "wid": 768,
    "cx": 384.0,
    "cy": 256.0,
    "fx": 460.79999999999995,
    "fy": 512,
    "k1": 0,
    "k2": 0,
    "k3": 0,
    "k4": 0,
    "k5": 0,
    "k6": 0,
    "p1": 0,
    "p2": 0,
    "transform_matrix": [
      [
        -0.5365640707877898,
        0.01222194070921737,
        0.8437710720953496,
        679.178513293408
      ],
      [
        0.8438595842553638,
        0.007771262402205886,
        0.5365077907552139,
        796.8520454434458
      ],
      [
        -1.1914115711504136e-16,
        0.9998951103220659,
        -0.014483381995361566,
        63.30274153508289
      ],
      [
        0.0,
        0.0,
        0.0,
        1.0
      ]
    ]
  },
  "24": {
    "_comment": "[7.89873991833051, 46.561276803343056, 1667.980269380839]",
    "cam_id": "meshAoi_24",
    "file_path": "./images/23.png",
    "hei": 512,
    "wid": 768,
    "cx": 384.0,
    "cy": 256.0,
    "fx": 460.79999999999995,
    "fy": 512,
    "k1": 0,
    "k2": 0,
    "k3": 0,
    "k4": 0,
    "k5": 0,
    "k6": 0,
    "p1": 0,
    "p2": 0,
    "transform_matrix": [
      [
        0.5940688907357891,
        0.0065636705255877874,
        0.8043873888178389,
        643.5319249931442
      ],
      [
        0.8044141676151345,
        -0.004847344347317412,
        -0.5940491142934475,
        637.311825771756
      ],
      [
        1.3190979214167982e-16,
        0.9999667101868994,
        -0.008159566041765941,
        27.799671156347316
      ],
      [
        0.0,
        0.0,
        0.0,
        1.0
      ]
    ]
  },
  "25": {
    "_comment": "[8.01106040669015, 46.53846525528289, 5450.760456461055]",
    "cam_id": "meshAoi_25",
    "file_path": "./images/24.png",
    "hei": 512,
    "wid": 768,
    "cx": 384.0,
    "cy": 256.0,
    "fx": 460.79999999999995,
    "fy": 512,
    "k1": 0,
    "k2": 0,
    "k3": 0,
    "k4": 0,
    "k5": 0,
    "k6": 0,
    "p1": 0,
    "p2": 0,
    "transform_matrix": [
      [
        -0.45116164234881717,
        0.011619122129730737,
        0.8923666110260136,
        694.3763310028089
      ],
      [
        0.892442251618063,
        0.005873883955176473,
        0.4511234033101842,
        876.9288676056552
      ],
      [
        -1.0017800863267143e-16,
        0.9999152431522462,
        -0.013019466647465946,
        90.84600760768424
      ],
      [
        0.0,
        0.0,
        0.0,
        1.0
      ]
    ]
  },
  "26": {
    "_comment": "[7.991598019840026, 46.65754871625725, 3579.613106670471]",
    "cam_id": "meshAoi_26",
    "file_path": "./images/25.png",
    "hei": 512,
    "wid": 768,
    "cx": 384.0,
    "cy": 256.0,
    "fx": 460.79999999999995,
    "fy": 512,
    "k1": 0,
    "k2": 0,
    "k3": 0,
    "k4": 0,
    "k5": 0,
    "k6": 0,
    "p1": 0,
    "p2": 0,
    "transform_matrix": [
      [
        -0.6904721539523381,
        -0.010696713968845148,
        -0.72327988007872,
        428.9525279866124
      ],
      [
        -0.7233589735507667,
        0.010210398162375284,
        0.6903966563888814,
        835.4091089920568
      ],
      [
        -1.5331561663608228e-16,
        0.9998906580619875,
        -0.014787559648756233,
        59.660218444507855
      ],
      [
        0.0,
        0.0,
        0.0,
        1.0
      ]
    ]
  },
  "27": {
    "_comment": "[7.904901394756704, 46.62843336316186, 1500.3560681184524]",
    "cam_id": "meshAoi_27",
    "file_path": "./images/26.png",
    "hei": 512,
    "wid": 768,
    "cx": 384.0,
    "cy": 256.0,
    "fx": 460.79999999999995,
    "fy": 512,
    "k1": 0,
    "k2": 0,
    "k3": 0,
    "k4": 0,
    "k5": 0,
    "k6": 0,
    "p1": 0,
    "p2": 0,
    "transform_matrix": [
      [
        0.9998760423563217,
        -0.00015859448939919244,
        -0.01574403917826866,
        493.84741499700806
      ],
      [
        -0.015744837943241052,
        -0.01007154414490729,
        -0.9998253167812255,
        650.4563088143034
      ],
      [
        2.2201708079901331e-16,
        0.9999492681363016,
        -0.010072792744561167,
        25.005934468640874
      ],
      [
        0.0,
        0.0,
        0.0,
        1.0
      ]
    ]
  },
  "28": {
    "_comment": "[7.895245252909558, 46.58726258069743, 2671.246371425526]",
    "cam_id": "meshAoi_28",
    "file_path": "./images/27.png",
    "hei": 512,
    "wid": 768,
    "cx": 384.0,
    "cy": 256.0,
    "fx": 460.79999999999995,
    "fy": 512,
    "k1": 0,
    "k2": 0,
    "k3": 0,
    "k4": 0,
    "k5": 0,
    "k6": 0,
    "p1": 0,
    "p2": 0,
    "transform_matrix": [
      [
        0.8474900183026117,
        0.00629574534869676,
        0.5307739937750751,
        585.6125145788455
      ],
      [
        0.5308113307734106,
        -0.010051747262104711,
        -0.847430406286876,
        629.8565395403916
      ],
      [
        1.8818058629191095e-16,
        0.9999296605099197,
        -0.011860608437886585,
        44.5207728570921
      ],
      [
        0.0,
        0.0,
        0.0,
        1.0
      ]
    ]
  },
  "29": {
    "_comment": "[7.995968311903884, 46.65058247956583, 3941.3959328010114]",
    "cam_id": "meshAoi_29",
    "file_path": "./images/28.png",
    "hei": 512,
    "wid": 768,
    "cx": 384.0,
    "cy": 256.0,
    "fx": 460.79999999999995,
    "fy": 512,
    "k1": 0,
    "k2": 0,
    "k3": 0,
    "k4": 0,
    "k5": 0,
    "k6": 0,
    "p1": 0,
    "p2": 0,
    "transform_matrix": [
      [
        -0.37335929910822563,
        -0.013862098136307989,
        -0.9275832447843556,
        444.47949554550144
      ],
      [
        -0.9276868187968471,
        0.00557897680496708,
        0.3733176144362802,
        844.7323987282857
      ],
      [
        -8.29024180655725e-17,
        0.9998883523939406,
        -0.01494264859156482,
        65.68993221335019
      ],
      [
        0.0,
        0.0,
        0.0,
        1.0
      ]
    ]
  },
  "30": {
    "_comment": "[7.981337630992484, 46.572733383400376, 3166.078799942907]",
    "cam_id": "meshAoi_30",
    "file_path": "./images/29.png",
    "hei": 512,
    "wid": 768,
    "cx": 384.0,
    "cy": 256.0,
    "fx": 460.79999999999995,
    "fy": 512,
    "k1": 0,
    "k2": 0,
    "k3": 0,
    "k4": 0,
    "k5": 0,
    "k6": 0,
    "p1": 0,
    "p2": 0,
    "transform_matrix": [
      [
        -0.83597446747816,
        0.008645345726547456,
        0.5487002348476584,
        617.9964809987171
      ],
      [
        0.5487683388503815,
        0.013170016887373235,
        0.8358707202256694,
        813.5202794506332
      ],
      [
        -1.864909820965899e-16,
        0.9998758966254035,
        -0.015754089867244903,
        52.76797999904845
      ],
      [
        0.0,
        0.0,
        0.0,
        1.0
      ]
    ]
  },
  "31": {
    "_comment": "[8.019181962960399, 46.55904053708697, 5016.317757122679]",
    "cam_id": "meshAoi_31",
    "file_path": "./images/30.png",
    "hei": 512,
    "wid": 768,
    "cx": 384.0,
    "cy": 256.0,
    "fx": 460.79999999999995,
    "fy": 512,
    "k1": 0,
    "k2": 0,
    "k3": 0,
    "k4": 0,
    "k5": 0,
    "k6": 0,
    "p1": 0,
    "p2": 0,
    "transform_matrix": [
      [
        -0.6533468712963091,
        0.010584722167160906,
        0.7569846956339128,
        648.5163140039265
      ],
      [
        0.7570586937400056,
        0.009134688193449874,
        0.6532830104206633,
        894.2548543155189
      ],
      [
        -1.4420478617800587e-16,
        0.9999022557871605,
        -0.01398137588892953,
        83.60529595204464
      ],
      [
        0.0,
        0.0,
        0.0,
        1.0
      ]
    ]
  },
  "32": {
    "_comment": "[8.001736506019618, 46.57862692510692, 4884.311294210948]",
    "cam_id": "meshAoi_32",
    "file_path": "./images/31.png",
    "hei": 512,
    "wid": 768,
    "cx": 384.0,
    "cy": 256.0,
    "fx": 460.79999999999995,
    "fy": 512,
    "k1": 0,
    "k2": 0,
    "k3": 0,
    "k4": 0,
    "k5": 0,
    "k6": 0,
    "p1": 0,
    "p2": 0,
    "transform_matrix": [
      [
        -0.4463236619968059,
        0.015340371224519854,
        0.8947401084965705,
        604.860431372804
      ],
      [
        0.8948716046125057,
        0.0076511207038276645,
        0.4462580773613118,
        857.03787950852
      ],
      [
        -9.910376119677403e-17,
        0.9998530558850481,
        -0.017142538823949536,
        81.40518823684914
      ],
      [
        0.0,
        0.0,
        0.0,
        1.0
      ]
    ]
  },
  "33": {
    "_comment": "[8.01880332693918, 46.6606042850567, 5175.491499992085]",
    "cam_id": "meshAoi_33",
    "file_path": "./images/32.png",
    "hei": 512,
    "wid": 768,
    "cx": 384.0,
    "cy": 256.0,
    "fx": 460.79999999999995,
    "fy": 512,
    "k1": 0,
    "k2": 0,
    "k3": 0,
    "k4": 0,
    "k5": 0,
    "k6": 0,
    "p1": 0,
    "p2": 0,
    "transform_matrix": [
      [
        -0.6878978556095388,
        -0.010875518976228439,
        -0.7257260249810499,
        422.1420046402907
      ],
      [
        -0.7258075090874975,
        0.010307479722542192,
        0.6878206274996201,
        893.4470974702512
      ],
      [
        -1.5361136931558464e-16,
        0.9998877331724632,
        -0.014984026536045754,
        86.25819166653474
      ],
      [
        0.0,
        0.0,
        0.0,
        1.0
      ]
    ]
  },
  "34": {
    "_comment": "[7.987612496620465, 46.57911386096185, 3257.0883143416995]",
    "cam_id": "meshAoi_34",
    "file_path": "./images/33.png",
    "hei": 512,
    "wid": 768,
    "cx": 384.0,
    "cy": 256.0,
    "fx": 460.79999999999995,
    "fy": 512,
    "k1": 0,
    "k2": 0,
    "k3": 0,
    "k4": 0,
    "k5": 0,
    "k6": 0,
    "p1": 0,
    "p2": 0,
    "transform_matrix": [
      [
        -0.7023073212814663,
        0.011108704006551203,
        0.7117872035726308,
        603.7751054561489
      ],
      [
        0.7118738838266586,
        0.01095941897996295,
        0.7022218058855552,
        826.906659456993
      ],
      [
        -1.5594355168990025e-16,
        0.9998782365022834,
        -0.015604876452043408,
        54.28480523902832
      ],
      [
        0.0,
        0.0,
        0.0,
        1.0
      ]
    ]
  },
  "35": {
    "_comment": "[7.961530156813846, 46.577021610372235, 3443.186433434674]",
    "cam_id": "meshAoi_35",
    "file_path": "./images/34.png",
    "hei": 512,
    "wid": 768,
    "cx": 384.0,
    "cy": 256.0,
    "fx": 460.79999999999995,
    "fy": 512,
    "k1": 0,
    "k2": 0,
    "k3": 0,
    "k4": 0,
    "k5": 0,
    "k6": 0,
    "p1": 0,
    "p2": 0,
    "transform_matrix": [
      [
        -0.9458895561131988,
        0.006227606385398427,
        0.3244289822976427,
        608.4384995481072
      ],
      [
        0.3244887480883978,
        0.01815356579922986,
        0.9457153379388521,
        771.2643345362058
      ],
      [
        -2.117643962658453e-16,
        0.9998158155217798,
        -0.019192056495290526,
        57.38644055724457
      ],
      [
        0.0,
        0.0,
        0.0,
        1.0
      ]
    ]
  },
  "36": {
    "_comment": "[7.906700766194415, 46.54962055352764, 1893.8151697020603]",
    "cam_id": "meshAoi_36",
    "file_path": "./images/35.png",
    "hei": 512,
    "wid": 768,
    "cx": 384.0,
    "cy": 256.0,
    "fx": 460.79999999999995,
    "fy": 512,
    "k1": 0,
    "k2": 0,
    "k3": 0,
    "k4": 0,
    "k5": 0,
    "k6": 0,
    "p1": 0,
    "p2": 0,
    "transform_matrix": [
      [
        0.31353686561633265,
        0.008357169392157658,
        0.9495392522793549,
        669.5124106928395
      ],
      [
        0.949576028498764,
        -0.0027594216976859413,
        -0.31352472261754505,
        654.29496788142
      ],
      [
        6.961916945521117e-17,
        0.9999612709058511,
        -0.008800948150902647,
        31.563586161701004
      ],
      [
        0.0,
        0.0,
        0.0,
        1.0
      ]
    ]
  },
  "37": {
    "_comment": "[7.8829958000599385, 46.60938251643565, 4011.029905633463]",
    "cam_id": "meshAoi_37",
    "file_path": "./images/36.png",
    "hei": 512,
    "wid": 768,
    "cx": 384.0,
    "cy": 256.0,
    "fx": 460.79999999999995,
    "fy": 512,
    "k1": 0,
    "k2": 0,
    "k3": 0,
    "k4": 0,
    "k5": 0,
    "k6": 0,
    "p1": 0,
    "p2": 0,
    "transform_matrix": [
      [
        0.9591147214155243,
        -0.0037919782417051343,
        -0.28299217668521415,
        536.3096355889807
      ],
      [
        -0.28301758101577534,
        -0.012850587379954368,
        -0.9590286289991395,
        603.724373461203
      ],
      [
        2.129662493944916e-16,
        0.9999102376238602,
        -0.013398384044182627,
        66.85049842722438
      ],
      [
        0.0,
        0.0,
        0.0,
        1.0
      ]
    ]
  },
  "38": {
    "_comment": "[7.974640543990896, 46.648731045671184, 4098.104305451204]",
    "cam_id": "meshAoi_38",
    "file_path": "./images/37.png",
    "hei": 512,
    "wid": 768,
    "cx": 384.0,
    "cy": 256.0,
    "fx": 460.79999999999995,
    "fy": 512,
    "k1": 0,
    "k2": 0,
    "k3": 0,
    "k4": 0,
    "k5": 0,
    "k6": 0,
    "p1": 0,
    "p2": 0,
    "transform_matrix": [
      [
        0.13243007940838286,
        -0.018068111451421204,
        -0.9910276572409409,
        448.60613598178384
      ],
      [
        -0.9911923496818813,
        -0.002414023307422761,
        -0.13240807537148863,
        799.2331605139118
      ],
      [
        2.9622225096922047e-17,
        0.9998338441161361,
        -0.01822866314214398,
        68.30173842418672
      ],
      [
        0.0,
        0.0,
        0.0,
        1.0
      ]
    ]
  },
  "39": {
    "_comment": "[7.898852951532238, 46.61051261396877, 1925.1771954390993]",
    "cam_id": "meshAoi_39",
    "file_path": "./images/38.png",
    "hei": 512,
    "wid": 768,
    "cx": 384.0,
    "cy": 256.0,
    "fx": 460.79999999999995,
    "fy": 512,
    "k1": 0,
    "k2": 0,
    "k3": 0,
    "k4": 0,
    "k5": 0,
    "k6": 0,
    "p1": 0,
    "p2": 0,
    "transform_matrix": [
      [
        0.8604293767137207,
        0.004776835028601873,
        0.5095473182493926,
        533.7907737540465
      ],
      [
        0.5095697083697561,
        -0.008065882093882157,
        -0.8603915700760959,
        637.5529632687744
      ],
      [
        1.9105370101828901e-16,
        0.999956060731249,
        -0.009374252335140476,
        32.08628659065165
      ],
      [
        0.0,
        0.0,
        0.0,
        1.0
      ]
    ]
  },
  "40": {
    "_comment": "[7.896451776936191, 46.551455563629354, 4231.084256908172]",
    "cam_id": "meshAoi_40",
    "file_path": "./images/39.png",
    "hei": 512,
    "wid": 768,
    "cx": 384.0,
    "cy": 256.0,
    "fx": 460.79999999999995,
    "fy": 512,
    "k1": 0,
    "k2": 0,
    "k3": 0,
    "k4": 0,
    "k5": 0,
    "k6": 0,
    "p1": 0,
    "p2": 0,
    "transform_matrix": [
      [
        0.7833921666022854,
        0.008150915243073913,
        0.6214742761264357,
        665.4223770661285
      ],
      [
        0.6215277252916213,
        -0.010273657782631373,
        -0.7833247976730906,
        632.4304574638745
      ],
      [
        1.7394800413456874e-16,
        0.9999140035705398,
        -0.013114322839338553,
        70.51807094846954
      ],
      [
        0.0,
        0.0,
        0.0,
        1.0
      ]
    ]
  },
  "41": {
    "_comment": "[7.902240854231723, 46.6151278738792, 4643.861677803867]",
    "cam_id": "meshAoi_41",
    "file_path": "./images/40.png",
    "hei": 512,
    "wid": 768,
    "cx": 384.0,
    "cy": 256.0,
    "fx": 460.79999999999995,
    "fy": 512,
    "k1": 0,
    "k2": 0,
    "k3": 0,
    "k4": 0,
    "k5": 0,
    "k6": 0,
    "p1": 0,
    "p2": 0,
    "transform_matrix": [
      [
        0.9653814965101076,
        0.0044947438194375714,
        0.2608033041851711,
        523.5038722203541
      ],
      [
        0.26084203303130665,
        -0.016635135313171026,
        -0.965238160288541,
        644.7804890276757
      ],
      [
        2.126230295185455e-16,
        0.999851523752957,
        -0.017231669939094175,
        77.39769463006445
      ],
      [
        0.0,
        0.0,
        0.0,
        1.0
      ]
    ]
  },
  "42": {
    "_comment": "[7.89140681073565, 46.583056200255214, 4215.574014742896]",
    "cam_id": "meshAoi_42",
    "file_path": "./images/41.png",
    "hei": 512,
    "wid": 768,
    "cx": 384.0,
    "cy": 256.0,
    "fx": 460.79999999999995,
    "fy": 512,
    "k1": 0,
    "k2": 0,
    "k3": 0,
    "k4": 0,
    "k5": 0,
    "k6": 0,
    "p1": 0,
    "p2": 0,
    "transform_matrix": [
      [
        0.8414097875414394,
        0.00861236473078529,
        0.5403289707235898,
        594.988069208933
      ],
      [
        0.5403976030937498,
        -0.013409622723849263,
        -0.8413029255796832,
        621.667862902721
      ],
      [
        1.868305038546934e-16,
        0.9998729965311335,
        -0.015937089064570382,
        70.2595669123816
      ],
      [
        0.0,
        0.0,
        0.0,
        1.0
      ]
    ]
  },
  "43": {
    "_comment": "[7.958979107955304, 46.65520176931867, 4205.8896732429985]",
    "cam_id": "meshAoi_43",
    "file_path": "./images/42.png",
    "hei": 512,
    "wid": 768,
    "cx": 384.0,
    "cy": 256.0,
    "fx": 460.79999999999995,
    "fy": 512,
    "k1": 0,
    "k2": 0,
    "k3": 0,
    "k4": 0,
    "k5": 0,
    "k6": 0,
    "p1": 0,
    "p2": 0,
    "transform_matrix": [
      [
        -0.783913732955471,
        -0.010976692958808817,
        -0.6207727212881594,
        434.1836119408256
      ],
      [
        -0.6208697603232248,
        0.013859235708896547,
        0.7837912109112647,
        765.8220969713152
      ],
      [
        -1.7406381512940402e-16,
        0.999843704684514,
        -0.017679541926948115,
        70.09816122071665
      ],
      [
        0.0,
        0.0,
        0.0,
        1.0
      ]
    ]
  },
  "44": {
    "_comment": "[7.892979580712329, 46.668235494138216, 1991.426857260355]",
    "cam_id": "meshAoi_44",
    "file_path": "./images/43.png",
    "hei": 512,
    "wid": 768,
    "cx": 384.0,
    "cy": 256.0,
    "fx": 460.79999999999995,
    "fy": 512,
    "k1": 0,
    "k2": 0,
    "k3": 0,
    "k4": 0,
    "k5": 0,
    "k6": 0,
    "p1": 0,
    "p2": 0,
    "transform_matrix": [
      [
        0.9175850430459142,
        -0.0027702107696572667,
        -0.39752989159397734,
        405.1328875097106
      ],
      [
        -0.39753954366632205,
        -0.006394090874279368,
        -0.9175627645144847,
        625.0231055196366
      ],
      [
        2.0331112749925368e-16,
        0.9999757204723438,
        -0.006968390475344203,
        33.190447621005916
      ],
      [
        0.0,
        0.0,
        0.0,
        1.0
      ]
    ]
  },
  "45": {
    "_comment": "[7.899706934059106, 46.6709241536657, 2555.4305523557296]",
    "cam_id": "meshAoi_45",
    "file_path": "./images/44.png",
    "hei": 512,
    "wid": 768,
    "cx": 384.0,
    "cy": 256.0,
    "fx": 460.79999999999995,
    "fy": 512,
    "k1": 0,
    "k2": 0,
    "k3": 0,
    "k4": 0,
    "k5": 0,
    "k6": 0,
    "p1": 0,
    "p2": 0,
    "transform_matrix": [
      [
        0.8731374459166602,
        -0.004163723105488587,
        -0.48745632004112116,
        399.140164162892
      ],
      [
        -0.4874741024281507,
        -0.00745783732863252,
        -0.8731055950595256,
        639.3747926594262
      ],
      [
        1.9387545922381573e-16,
        0.9999635213707949,
        -0.008541424220791526,
        42.590509205928825
      ],
      [
        0.0,
        0.0,
        0.0,
        1.0
      ]
    ]
  },
  "46": {
    "_comment": "[8.008469440599995, 46.62598970042012, 1601.4362749729407]",
    "cam_id": "meshAoi_46",
    "file_path": "./images/45.png",
    "hei": 512,
    "wid": 768,
    "cx": 384.0,
    "cy": 256.0,
    "fx": 460.79999999999995,
    "fy": 512,
    "k1": 0,
    "k2": 0,
    "k3": 0,
    "k4": 0,
    "k5": 0,
    "k6": 0,
    "p1": 0,
    "p2": 0,
    "transform_matrix": [
      [
        -0.9946213855462931,
        -0.0009140110670039987,
        -0.10357347149604257,
        499.2940677302643
      ],
      [
        -0.10357750438184987,
        0.008776953637697846,
        0.9945826590439175,
        871.401473279991
      ],
      [
        -2.199829508656255e-16,
        0.9999610640763026,
        -0.008824416773300276,
        26.690604582882347
      ],
      [
        0.0,
        0.0,
        0.0,
        1.0
      ]
    ]
  },
  "47": {
    "_comment": "[7.993946117569548, 46.55840464615066, 5086.593201378753]",
    "cam_id": "meshAoi_47",
    "file_path": "./images/46.png",
    "hei": 512,
    "wid": 768,
    "cx": 384.0,
    "cy": 256.0,
