{
  "wayp_0_0": {
    "cam_id": "wayp_0_0",
    "file_path": "./images/wayp_0_0_inpaint_0.png",
    "mask_path": "./mask/wayp_0_0_GSmask.png",
    "depth_path": "./depth/wayp_0_0_depth.png",
    "wid": 1536.0,
    "hei": 1024.0,
    "cx": 1536.0,
    "cy": 1024.0,
    "fx": 915.0943603515625,
    "fy": 1828.4317626953125,
    "k1": 0.0,
    "k2": 0.0,
    "p1": 0.0,
    "p2": 0.0,
    "k3": 0.0,
    "k4": 0.0,
    "k5": 0.0,
    "k6": 0.0,
    "transform_matrix": [
      [
        -0.20179586708398714,
        -0.17906634831993995,
        -0.9629193480905781,
        417.9149576822917
      ],
      [
        -0.9786671008148866,
        -0.0018705647062759179,
        0.20544392609727907,
        797.678627268474
      ],
      [
        -0.03858929657827981,
        0.9838352219183055,
        -0.17486887173694457,
        17.35
      ],
      [
        0.0,
        0.0,
        0.0,
        1.0
      ]
    ]
  },
  "wayp_0_1": {
    "cam_id": "wayp_0_1",
    "file_path": "./images/wayp_0_1_inpaint_0.png",
    "mask_path": "./mask/wayp_0_1_GSmask.png",
    "depth_path": "./depth/wayp_0_1_depth.png",
    "wid": 1536.0,
    "hei": 1024.0,
    "cx": 1536.0,
    "cy": 1024.0,
    "fx": 923.2169698079427,
    "fy": 1808.151606241862,
    "k1": 0.0,
    "k2": 0.0,
    "p1": 0.0,
    "p2": 0.0,
    "k3": 0.0,
    "k4": 0.0,
    "k5": 0.0,
    "k6": 0.0,
    "transform_matrix": [
      [
        -0.19073347313295283,
        -0.17150553345057656,
        -0.9665436328601389,
        416.02985297309027
      ],
      [
        -0.98096103280025,
        -0.003364375726289087,
        0.19417552138062988,
        794.7241137186693
      ],
      [
        -0.03655399231422268,
        0.9851774119273168,
        -0.16759854615743605,
        17.884027099609376
      ],
      [
        0.0,
        0.0,
        0.0,
        1.0
      ]
    ]
  },
  "wayp_0_2": {
    "cam_id": "wayp_0_2",
    "file_path": "./images/wayp_0_2_inpaint_0.png",
    "mask_path": "./mask/wayp_0_2_GSmask.png",
    "depth_path": "./depth/wayp_0_2_depth.png",
    "wid": 1536.0,
    "hei": 1024.0,
    "cx": 1536.0,
    "cy": 1024.0,
    "fx": 931.3395792643229,
    "fy": 1787.8714497884114,
    "k1": 0.0,
    "k2": 0.0,
    "p1": 0.0,
    "p2": 0.0,
    "k3": 0.0,
    "k4": 0.0,
    "k5": 0.0,
    "k6": 0.0,
    "transform_matrix": [
      [
        -0.17963000853901753,
        -0.16391787929782792,
        -0.9699814373887654,
        414.1376614040799
      ],
      [
        -0.9831254978785875,
        -0.004769733777882479,
        0.18287018636362684,
        791.7696001688646
      ],
      [
        -0.0346022463613565,
        0.9864624567038478,
        -0.16029505937662938,
        18.41805623372396
      ],
      [
        0.0,
        0.0,
        0.0,
        1.0
      ]
    ]
  },
  "wayp_0_3": {
    "cam_id": "wayp_0_3",
    "file_path": "./images/wayp_0_3_inpaint_0.png",
    "mask_path": "./mask/wayp_0_3_GSmask.png",
    "depth_path": "./depth/wayp_0_3_depth.png",
    "wid": 1536.0,
    "hei": 1024.0,
    "cx": 1536.0,
    "cy": 1024.0,
    "fx": 939.4621887207031,
    "fy": 1767.591293334961,
    "k1": 0.0,
    "k2": 0.0,
    "p1": 0.0,
    "p2": 0.0,
    "k3": 0.0,
    "k4": 0.0,
    "k5": 0.0,
    "k6": 0.0,
    "transform_matrix": [
      [
        -0.16848761599344572,
        -0.1563048500893805,
        -0.9732320982660722,
        412.2525566948785
      ],
      [
        -0.985160078362215,
        -0.0060863676620621365,
        0.17153010269348296,
        788.816857910157
      ],
      [
        -0.032734435357888336,
        0.9876901082663623,
        -0.15295982078500794,
        18.952083333333334
      ],
      [
        0.0,
        0.0,
        0.0,
        1.0
      ]
    ]
  },
  "wayp_0_4": {
    "cam_id": "wayp_0_4",
    "file_path": "./images/wayp_0_4_inpaint_0.png",
    "mask_path": "./mask/wayp_0_4_GSmask.png",
    "depth_path": "./depth/wayp_0_4_depth.png",
    "wid": 1536.0,
    "hei": 1024.0,
    "cx": 1536.0,
    "cy": 1024.0,
    "fx": 947.5847981770834,
    "fy": 1747.3111368815105,
    "k1": 0.0,
    "k2": 0.0,
    "p1": 0.0,
    "p2": 0.0,
    "k3": 0.0,
    "k4": 0.0,
    "k5": 0.0,
    "k6": 0.0,
    "transform_matrix": [
      [
        -0.157308445699624,
        -0.14866791494967185,
        -0.9762949881957224,
        410.3603651258681
      ],
      [
        -0.9870643816279294,
        -0.007314023301382838,
        0.1601574587230326,
        785.8623443603523
      ],
      [
        -0.030950919744678285,
        0.9888601297087793,
        -0.14559424590036013,
        19.48611043294271
      ],
      [
        0.0,
        0.0,
        0.0,
        1.0
      ]
    ]
  },
  "wayp_0_5": {
    "cam_id": "wayp_0_5",
    "file_path": "./images/wayp_0_5_inpaint_0.png",
    "mask_path": "./mask/wayp_0_5_GSmask.png",
    "depth_path": "./depth/wayp_0_5_depth.png",
    "wid": 1536.0,
    "hei": 1024.0,
    "cx": 1536.0,
    "cy": 1024.0,
    "fx": 955.7074076334635,
    "fy": 1727.0309804280598,
    "k1": 0.0,
    "k2": 0.0,
    "p1": 0.0,
    "p2": 0.0,
    "k3": 0.0,
    "k4": 0.0,
    "k5": 0.0,
    "k6": 0.0,
    "transform_matrix": [
      [
        -0.1460946549581248,
        -0.14100854761638715,
        -0.9791695161164811,
        408.4752604166667
      ],
      [
        -0.9888380401927772,
        -0.00845246378897746,
        0.14875444908843433,
        782.9078308105476
      ],
      [
        -0.029252043695680963,
        0.9899722952461918,
        -0.13819975609462137,
        20.020139567057292
      ],
      [
        0.0,
        0.0,
        0.0,
        1.0
      ]
    ]
  },
  "wayp_0_6": {
    "cam_id": "wayp_0_6",
    "file_path": "./images/wayp_0_6_inpaint_0.png",
    "mask_path": "./mask/wayp_0_6_GSmask.png",
    "depth_path": "./depth/wayp_0_6_depth.png",
    "wid": 1536.0,
    "hei": 1024.0,
    "cx": 1536.0,
    "cy": 1024.0,
    "fx": 963.8300170898438,
    "fy": 1706.7508239746094,
    "k1": 0.0,
    "k2": 0.0,
    "p1": 0.0,
    "p2": 0.0,
    "k3": 0.0,
    "k4": 0.0,
    "k5": 0.0,
    "k6": 0.0,
    "transform_matrix": [
      [
        -0.13484840775040305,
        -0.13332822615606488,
        -0.981855127316275,
        406.58306884765636
      ],
      [
        -0.990480711784967,
        -0.009501469434273407,
        0.137323274285662,
        779.9533172607429
      ],
      [
        -0.027638135051530233,
        0.9910263902584366,
        -0.13077777831958534,
        20.554166666666667
      ],
      [
        0.0,
        0.0,
        0.0,
        1.0
      ]
    ]
  },
  "wayp_0_7": {
    "cam_id": "wayp_0_7",
    "file_path": "./images/wayp_0_7_inpaint_0.png",
    "mask_path": "./mask/wayp_0_7_GSmask.png",
    "depth_path": "./depth/wayp_0_7_depth.png",
    "wid": 1536.0,
    "hei": 1024.0,
    "cx": 1536.0,
    "cy": 1024.0,
    "fx": 971.952626546224,
    "fy": 1686.470667521159,
    "k1": 0.0,
    "k2": 0.0,
    "p1": 0.0,
    "p2": 0.0,
    "k3": 0.0,
    "k4": 0.0,
    "k5": 0.0,
    "k6": 0.0,
    "transform_matrix": [
      [
        -0.12357187432119965,
        -0.12562843267886625,
        -0.9843513035392382,
        404.6979641384549
      ],
      [
        -0.9919920794099207,
        -0.010460837805388978,
        0.12586614024586235,
        777.0005750020351
      ],
      [
        -0.026109505256273202,
        0.9920222113315111,
        -0.12332974483153586,
        21.088193766276042
      ],
      [
        0.0,
        0.0,
        0.0,
        1.0
      ]
    ]
  },
  "wayp_0_8": {
    "cam_id": "wayp_0_8",
    "file_path": "./images/wayp_0_8_inpaint_0.png",
    "mask_path": "./mask/wayp_0_8_GSmask.png",
    "depth_path": "./depth/wayp_0_8_depth.png",
    "wid": 1536.0,
    "hei": 1024.0,
    "cx": 1536.0,
    "cy": 1024.0,
    "fx": 980.0752360026041,
    "fy": 1666.1905110677083,
    "k1": 0.0,
    "k2": 0.0,
    "p1": 0.0,
    "p2": 0.0,
    "k3": 0.0,
    "k4": 0.0,
    "k5": 0.0,
    "k6": 0.0,
    "transform_matrix": [
      [
        -0.11226723075974068,
        -0.11791065305256498,
        -0.9866575630857228,
        402.80577256944457
      ],
      [
        -0.9933718514114463,
        -0.011330383768197422,
        0.11438525790966703,
        774.0460614522304
      ],
      [
        -0.024666449297270632,
        0.9929595662968272,
        -0.1158570929148586,
        21.622222900390625
      ],
      [
        0.0,
        0.0,
        0.0,
        1.0
      ]
    ]
  },
  "wayp_0_9": {
    "cam_id": "wayp_0_9",
    "file_path": "./images/wayp_0_9_inpaint_0.png",
    "mask_path": "./mask/wayp_0_9_GSmask.png",
    "depth_path": "./depth/wayp_0_9_depth.png",
    "wid": 1536.0,
    "hei": 1024.0,
    "cx": 1536.0,
    "cy": 1024.0,
    "fx": 988.1978454589844,
    "fy": 1645.9103546142578,
    "k1": 0.0,
    "k2": 0.0,
    "p1": 0.0,
    "p2": 0.0,
    "k3": 0.0,
    "k4": 0.0,
    "k5": 0.0,
    "k6": 0.0,
    "transform_matrix": [
      [
        -0.1009366585798046,
        -0.11017637661581264,
        -0.9887734609052545,
        400.9206678602431
      ],
      [
        -0.9946197615280188,
        -0.01210993952205175,
        0.10288284280053528,
        771.0915479024258
      ],
      [
        -0.023309245648269694,
        0.9938382742682952,
        -0.10836126460468137,
        22.15625
      ],
      [
        0.0,
        0.0,
        0.0,
        1.0
      ]
    ]
  },
  "wayp_0_10": {
    "cam_id": "wayp_0_10",
    "file_path": "./images/wayp_0_10_inpaint_0.png",
    "mask_path": "./mask/wayp_0_10_GSmask.png",
    "depth_path": "./depth/wayp_0_10_depth.png",
    "wid": 1536.0,
    "hei": 1024.0,
    "cx": 1536.0,
    "cy": 1024.0,
    "fx": 996.3204549153646,
    "fy": 1625.6301981608074,
    "k1": 0.0,
    "k2": 0.0,
    "p1": 0.0,
    "p2": 0.0,
    "k3": 0.0,
    "k4": 0.0,
    "k5": 0.0,
    "k6": 0.0,
    "transform_matrix": [
      [
        -0.08958234429874631,
        -0.10242709589073312,
        -0.9906985886824166,
        399.0284762912328
      ],
      [
        -0.9957355689441627,
        -0.012799354632167498,
        0.09136111459721408,
        768.1370343526211
      ],
      [
        -0.022038156215667182,
        0.9946581656772296,
        -0.10084370640859683,
        22.690279134114583
      ],
      [
        0.0,
        0.0,
        0.0,
        1.0
      ]
    ]
  },
  "wayp_0_11": {
    "cam_id": "wayp_0_11",
    "file_path": "./images/wayp_0_11_inpaint_0.png",
    "mask_path": "./mask/wayp_0_11_GSmask.png",
    "depth_path": "./depth/wayp_0_11_depth.png",
    "wid": 1536.0,
    "hei": 1024.0,
    "cx": 1536.0,
    "cy": 1024.0,
    "fx": 1004.4430643717448,
    "fy": 1605.3500417073567,
    "k1": 0.0,
    "k2": 0.0,
    "p1": 0.0,
    "p2": 0.0,
    "k3": 0.0,
    "k4": 0.0,
    "k5": 0.0,
    "k6": 0.0,
    "transform_matrix": [
      [
        -0.07820647901555178,
        -0.09466430629490297,
        -0.9924325749156439,
        397.14337158203136
      ],
      [
        -0.9967190583369231,
        -0.013398496058652176,
        0.07982229670539376,
        765.1842920939134
      ],
      [
        -0.02085342628796727,
        0.9954190823050718,
        -0.09330586902752275,
        23.224306233723958
      ],
      [
        0.0,
        0.0,
        0.0,
        1.0
      ]
    ]
  },
  "wayp_0_12": {
    "cam_id": "wayp_0_12",
    "file_path": "./images/wayp_0_12_inpaint_0.png",
    "mask_path": "./mask/wayp_0_12_GSmask.png",
    "depth_path": "./depth/wayp_0_12_depth.png",
    "wid": 1536.0,
    "hei": 1024.0,
    "cx": 1536.0,
    "cy": 1024.0,
    "fx": 1012.565673828125,
    "fy": 1585.0698852539062,
    "k1": 0.0,
    "k2": 0.0,
    "p1": 0.0,
    "p2": 0.0,
    "k3": 0.0,
    "k4": 0.0,
    "k5": 0.0,
    "k6": 0.0,
    "transform_matrix": [
      [
        -0.06681125798801374,
        -0.0868895058527725,
        -0.9939750849889147,
        395.251180013021
      ],
      [
        -0.9975700399174183,
        -0.013907248182179088,
        0.06826861582864918,
        762.2297785441087
      ],
      [
        -0.019755284488447544,
        0.9961208773139234,
        -0.08574920707575212,
        23.758333333333333
      ],
      [
        0.0,
        0.0,
        0.0,
        1.0
      ]
    ]
  },
  "wayp_0_13": {
    "cam_id": "wayp_0_13",
    "file_path": "./images/wayp_0_13_inpaint_0.png",
    "mask_path": "./mask/wayp_0_13_GSmask.png",
    "depth_path": "./depth/wayp_0_13_depth.png",
    "wid": 1536.0,
    "hei": 1024.0,
    "cx": 1536.0,
    "cy": 1024.0,
    "fx": 1020.6882832845052,
    "fy": 1564.7897288004558,
    "k1": 0.0,
    "k2": 0.0,
    "p1": 0.0,
    "p2": 0.0,
    "k3": 0.0,
    "k4": 0.0,
    "k5": 0.0,
    "k6": 0.0,
    "transform_matrix": [
      [
        -0.05539888020909825,
        -0.07910419490658727,
        -0.995325821236322,
        393.36607530381957
      ],
      [
        -0.998288349467464,
        -0.014325512826298736,
        0.05670230153873884,
        759.275264994304
      ],
      [
        -0.018743942731039742,
        0.9967634152748808,
        -0.07817517880025163,
        24.292362467447916
      ],
      [
        0.0,
        0.0,
        0.0,
        1.0
      ]
    ]
  },
  "wayp_0_14": {
    "cam_id": "wayp_0_14",
    "file_path": "./images/wayp_0_14_inpaint_0.png",
    "mask_path": "./mask/wayp_0_14_GSmask.png",
    "depth_path": "./depth/wayp_0_14_depth.png",
    "wid": 1536.0,
    "hei": 1024.0,
    "cx": 1536.0,
    "cy": 1024.0,
    "fx": 1028.8108927408855,
    "fy": 1544.5095723470054,
    "k1": 0.0,
    "k2": 0.0,
    "p1": 0.0,
    "p2": 0.0,
    "k3": 0.0,
    "k4": 0.0,
    "k5": 0.0,
    "k6": 0.0,
    "transform_matrix": [
      [
        -0.043971547982596865,
        -0.07130987582685505,
        -0.9964845229995161,
        391.4809705946182
      ],
      [
        -0.9988738483712627,
        -0.014653209276385193,
        0.04512558584535492,
        756.3207514444994
      ],
      [
        -0.017819596179437125,
        0.9973465721941703,
        -0.07058524579925199,
        24.82638956705729
      ],
      [
        0.0,
        0.0,
        0.0,
        1.0
      ]
    ]
  },
  "wayp_0_15": {
    "cam_id": "wayp_0_15",
    "file_path": "./images/wayp_0_15_inpaint_0.png",
    "mask_path": "./mask/wayp_0_15_GSmask.png",
    "depth_path": "./depth/wayp_0_15_depth.png",
    "wid": 1536.0,
    "hei": 1024.0,
    "cx": 1536.0,
    "cy": 1024.0,
    "fx": 1036.9335021972656,
    "fy": 1524.2294158935547,
    "k1": 0.0,
    "k2": 0.0,
    "p1": 0.0,
    "p2": 0.0,
    "k3": 0.0,
    "k4": 0.0,
    "k5": 0.0,
    "k6": 0.0,
    "transform_matrix": [
      [
        -0.0325314664981356,
        -0.06350805272243026,
        -0.9974509666780046,
        389.5887790256078
      ],
      [
        -0.9993264236421533,
        -0.014890274295209449,
        0.033540702765400165,
        753.3662378946947
      ],
      [
        -0.016982423209429665,
        0.9978702355370754,
        -0.06298087274020092,
        25.360416666666666
      ],
      [
        0.0,
        0.0,
        0.0,
        1.0
      ]
    ]
  },
  "wayp_0_16": {
    "cam_id": "wayp_0_16",
    "file_path": "./images/wayp_0_16_inpaint_0.png",
    "mask_path": "./mask/wayp_0_16_GSmask.png",
    "depth_path": "./depth/wayp_0_16_depth.png",
    "wid": 1536.0,
    "hei": 1024.0,
    "cx": 1536.0,
    "cy": 1024.0,
    "fx": 1045.0561116536458,
    "fy": 1503.9492594401042,
    "k1": 0.0,
    "k2": 0.0,
    "p1": 0.0,
    "p2": 0.0,
    "k3": 0.0,
    "k4": 0.0,
    "k5": 0.0,
    "k6": 0.0,
    "transform_matrix": [
      [
        -0.021080843405628713,
        -0.05570023115025585,
        -0.998224965772303,
        387.7036743164064
      ],
      [
        -0.999645987944416,
        -0.015036662135146261,
        0.02194988789187935,
        750.413495635987
      ],
      [
        -0.01623258537448602,
        0.9983343042496544,
        -0.05536352707711553,
        25.89444580078125
      ],
      [
        0.0,
        0.0,
        0.0,
        1.0
      ]
    ]
  },
  "wayp_0_17": {
    "cam_id": "wayp_0_17",
    "file_path": "./images/wayp_0_17_inpaint_0.png",
    "mask_path": "./mask/wayp_0_17_GSmask.png",
    "depth_path": "./depth/wayp_0_17_depth.png",
    "wid": 1536.0,
    "hei": 1024.0,
    "cx": 1536.0,
    "cy": 1024.0,
    "fx": 1053.1787211100261,
    "fy": 1483.6691029866538,
    "k1": 0.0,
    "k2": 0.0,
    "p1": 0.0,
    "p2": 0.0,
    "k3": 0.0,
    "k4": 0.0,
    "k5": 0.0,
    "k6": 0.0,
    "transform_matrix": [
      [
        -0.00962188838925776,
        -0.04788791782482904,
        -0.9988063709199233,
        385.8114827473961
      ],
      [
        -0.9998324796101241,
        -0.015092344546999537,
        0.010355377962485424,
        747.4589820861823
      ],
      [
        -0.015570227374574308,
        0.9987386887782397,
        -0.04773467876740131,
        26.428472900390624
      ],
      [
        0.0,
        0.0,
        0.0,
        1.0
      ]
    ]
  },
  "wayp_0_18": {
    "cam_id": "wayp_0_18",
    "file_path": "./images/wayp_0_18_inpaint_0.png",
    "mask_path": "./mask/wayp_0_18_GSmask.png",
    "depth_path": "./depth/wayp_0_18_depth.png",
    "wid": 1536.0,
    "hei": 1024.0,
    "cx": 1536.0,
    "cy": 1024.0,
    "fx": 1061.3013305664062,
    "fy": 1463.3889465332031,
    "k1": 0.0,
    "k2": 0.0,
    "p1": 0.0,
    "p2": 0.0,
    "k3": 0.0,
    "k4": 0.0,
    "k5": 0.0,
    "k6": 0.0,
    "transform_matrix": [
      [
        0.001843187258943696,
        -0.040072620327443687,
        -0.9991950699241972,
        383.9263780381946
      ],
      [
        -0.999885862651045,
        -0.015057310785455053,
        -0.001240589572036821,
        744.5044685363777
      ],
      [
        -0.014995477028240722,
        0.9990833110867197,
        -0.04009579998818749,
        26.9625
      ],
      [
        0.0,
        0.0,
        0.0,
        1.0
      ]
    ]
  },
  "wayp_0_19": {
    "cam_id": "wayp_0_19",
    "file_path": "./images/wayp_0_19_inpaint_0.png",
    "mask_path": "./mask/wayp_0_19_GSmask.png",
    "depth_path": "./depth/wayp_0_19_depth.png",
    "wid": 1536.0,
    "hei": 1024.0,
    "cx": 1536.0,
    "cy": 1024.0,
    "fx": 1069.4239400227864,
    "fy": 1443.1087900797527,
    "k1": 0.0,
    "k2": 0.0,
    "p1": 0.0,
    "p2": 0.0,
    "k3": 0.0,
    "k4": 0.0,
    "k5": 0.0,
    "k6": 0.0,
    "transform_matrix": [
      [
        0.01331217106581134,
        -0.03225584681526383,
        -0.9993909877759278,
        382.0341864691843
      ],
      [
        -0.9998061267655856,
        -0.014931567611153579,
        -0.012835776979658708,
        741.5508406321214
      ],
      [
        -0.014508445247943036,
        0.9993681046715988,
        -0.032448364852233375,
        27.496529134114585
      ],
      [
        0.0,
        0.0,
        0.0,
        1.0
      ]
    ]
  },
  "wayp_0_20": {
    "cam_id": "wayp_0_20",
    "file_path": "./images/wayp_0_20_inpaint_0.png",
    "mask_path": "./mask/wayp_0_20_GSmask.png",
    "depth_path": "./depth/wayp_0_20_depth.png",
    "wid": 1536.0,
    "hei": 1024.0,
    "cx": 1536.0,
    "cy": 1024.0,
    "fx": 1077.5465494791667,
    "fy": 1422.8286336263022,
    "k1": 0.0,
    "k2": 0.0,
    "p1": 0.0,
    "p2": 0.0,
    "k3": 0.0,
    "k4": 0.0,
    "k5": 0.0,
    "k6": 0.0,
    "transform_matrix": [
      [
        0.024782849804005413,
        -0.024439105730287625,
        -0.999394086667865,
        380.1490817599829
      ],
      [
        -0.9995932873407799,
        -0.014715139289385976,
        -0.024427946678898804,
        738.5963270823167
      ],
      [
        -0.014109226018646892,
        0.9995930145748309,
        -0.02479384912346097,
        28.03055623372396
      ],
      [
        0.0,
        0.0,
        0.0,
        1.0
      ]
    ]
  },
  "wayp_0_21": {
    "cam_id": "wayp_0_21",
    "file_path": "./images/wayp_0_21_inpaint_0.png",
    "mask_path": "./mask/wayp_0_21_GSmask.png",
    "depth_path": "./depth/wayp_0_21_depth.png",
    "wid": 1536.0,
    "hei": 1024.0,
    "cx": 1536.0,
    "cy": 1024.0,
    "fx": 1085.6691589355469,
    "fy": 1402.5484771728516,
    "k1": 0.0,
    "k2": 0.0,
    "p1": 0.0,
    "p2": 0.0,
    "k3": 0.0,
    "k4": 0.0,
    "k5": 0.0,
    "k6": 0.0,
    "transform_matrix": [
      [
        0.036253009919105406,
        -0.016623905508255654,
        -0.9992043660019994,
        378.2568901909725
      ],
      [
        -0.9992473854493192,
        -0.014408067585411577,
        -0.036014861670616294,
        735.6426991780605
      ],
      [
        -0.013797896379689867,
        0.9997579973944227,
        -0.01713372993217016,
        28.564583333333335
      ],
      [
        0.0,
        0.0,
        0.0,
        1.0
      ]
    ]
  },
  "wayp_0_22": {
    "cam_id": "wayp_0_22",
    "file_path": "./images/wayp_0_22_inpaint_0.png",
    "mask_path": "./mask/wayp_0_22_GSmask.png",
    "depth_path": "./depth/wayp_0_22_depth.png",
    "wid": 1536.0,
    "hei": 1024.0,
    "cx": 1536.0,
    "cy": 1024.0,
    "fx": 1093.791768391927,
    "fy": 1382.2683207194011,
    "k1": 0.0,
    "k2": 0.0,
    "p1": 0.0,
    "p2": 0.0,
    "k3": 0.0,
    "k4": 0.0,
    "k5": 0.0,
    "k6": 0.0,
    "transform_matrix": [
      [
        0.047720437956773554,
        -0.008811754287560536,
        -0.9988218623896804,
        376.3717854817711
      ],
      [
        -0.9987684878416274,
        -0.014010411756397445,
        -0.04759428596969917,
        732.6881856282558
      ],
      [
        -0.01357451640991425,
        0.999863021292813,
        -0.009469485489988883,
        29.098612467447918
      ],
      [
        0.0,
        0.0,
        0.0,
        1.0
      ]
    ]
  },
  "wayp_0_23": {
    "cam_id": "wayp_0_23",
    "file_path": "./images/wayp_0_23_inpaint_0.png",
    "mask_path": "./mask/wayp_0_23_GSmask.png",
    "depth_path": "./depth/wayp_0_23_depth.png",
    "wid": 1536.0,
    "hei": 1024.0,
    "cx": 1536.0,
    "cy": 1024.0,
    "fx": 1101.9143778483074,
    "fy": 1361.9881642659507,
    "k1": 0.0,
    "k2": 0.0,
    "p1": 0.0,
    "p2": 0.0,
    "k3": 0.0,
    "k4": 0.0,
    "k5": 0.0,
    "k6": 0.0,
    "transform_matrix": [
      [
        0.059182920989893445,
        -0.001004159618213707,
        -0.9982466496445483,
        374.4795939127607
      ],
      [
        -0.9981566869329774,
        -0.013522248539983628,
        -0.05916398503655074,
        729.7345577239997
      ],
      [
        -0.013439129216073209,
        0.9999080660030123,
        -0.0018025948046156426,
        29.632639567057293
      ],
      [
        0.0,
        0.0,
        0.0,
        1.0
      ]
    ]
  },
  "wayp_0_24": {
    "cam_id": "wayp_0_24",
    "file_path": "./images/wayp_0_24_inpaint_0.png",
    "mask_path": "./mask/wayp_0_24_GSmask.png",
    "depth_path": "./depth/wayp_0_24_depth.png",
    "wid": 1536.0,
    "hei": 1024.0,
    "cx": 1536.0,
    "cy": 1024.0,
    "fx": 1110.0369873046875,
    "fy": 1341.7080078125,
    "k1": 0.0,
    "k2": 0.0,
    "p1": 0.0,
    "p2": 0.0,
    "k3": 0.0,
    "k4": 0.0,
    "k5": 0.0,
    "k6": 0.0,
    "transform_matrix": [
      [
        0.07063824704561178,
        0.006797371829073862,
        -0.9974788387682922,
        372.5944892035593
      ],
      [
        -0.9974121007856602,
        -0.012943672139474616,
        -0.07072172620830164,
        726.780044174195
      ],
      [
        -0.013391760924512441,
        0.9998931228325173,
        0.005865462605592231,
        30.166666666666668
      ],
      [
        0.0,
        0.0,
        0.0,
        1.0
      ]
    ]
  }
}