{
  "wayp_0": {
    "cam_id": "wayp_0",
    "file_path": "./images/wayp_0_inpaint_0.png",
    "mask_path": "./mask/wayp_0_GSmask.png",
    "depth_path": "./depth/wayp_0_depth.png",
    "wid": 3072,
    "hei": 2048,
    "cx": 1536.0,
    "cy": 1024.0,
    "fx": 1420.0565185546875,
    "fy": 1668.0391845703125,
    "k1": 0.0,
    "k2": 0.0,
    "p1": 0.0,
    "p2": 0.0,
    "k3": 0.0,
    "k4": 0.0,
    "k5": 0.0,
    "k6": 0.0,
    "transform_matrix": [
      [
        -0.9279552568643291,
        0.04755535265860461,
        -0.3696451402242068,
        444.065470377604
      ],
      [
        -0.3723903378396458,
        -0.07843874526897002,
        0.9247555350060386,
        635.2078370412197
      ],
      [
        0.014982574596249493,
        0.995784038672114,
        0.090496799856804,
        37.38333333333333
      ],
      [
        0.0,
        0.0,
        0.0,
        1.0
      ]
    ]
  },
  "wayp_1": {
    "cam_id": "wayp_1",
    "file_path": "./images/wayp_1_inpaint_0.png",
    "mask_path": "./mask/wayp_1_GSmask.png",
    "depth_path": "./depth/wayp_1_depth.png",
    "wid": 3072,
    "hei": 2048,
    "cx": 1536.0,
    "cy": 1023.6368194336558,
    "fx": 1421.533173445734,
    "fy": 1674.6326460961222,
    "k1": 0.0,
    "k2": 0.0,
    "p1": 0.0,
    "p2": 0.0,
    "k3": 0.0,
    "k4": 0.0,
    "k5": 0.0,
    "k6": 0.0,
    "transform_matrix": [
      [
        -0.9100975178886306,
        0.05012632016170368,
        -0.4113512610409747,
        444.573068900881
      ],
      [
        -0.4141600340726084,
        -0.07666343046881695,
        0.9069697815284304,
        635.0670106432451
      ],
      [
        0.013927458846809626,
        0.9957961992575587,
        0.09053151624860357,
        37.228111244497796
      ],
      [
        0.0,
        0.0,
        0.0,
        1.0
      ]
    ]
  },
  "wayp_2": {
    "cam_id": "wayp_2",
    "file_path": "./images/wayp_2_inpaint_0.png",
    "mask_path": "./mask/wayp_2_GSmask.png",
    "depth_path": "./depth/wayp_2_depth.png",
    "wid": 3072,
    "hei": 2048,
    "cx": 1536.0,
    "cy": 1023.2699668102535,
    "fx": 1423.004445071342,
    "fy": 1681.1661511600275,
    "k1": 0.0,
    "k2": 0.0,
    "p1": 0.0,
    "p2": 0.0,
    "k3": 0.0,
    "k4": 0.0,
    "k5": 0.0,
    "k6": 0.0,
    "transform_matrix": [
      [
        -0.890360051264752,
        0.052613987518167926,
        -0.45220653182950155,
        445.0894112709892
      ],
      [
        -0.45507504150167666,
        -0.07477318222823587,
        0.887308107605081,
        634.9363777059449
      ],
      [
        0.012871896289017054,
        0.9958115984145299,
        0.0905183669153597,
        37.078971588635454
      ],
      [
        0.0,
        0.0,
        0.0,
        1.0
      ]
    ]
  },
  "wayp_3": {
    "cam_id": "wayp_3",
    "file_path": "./images/wayp_3_inpaint_0.png",
    "mask_path": "./mask/wayp_3_GSmask.png",
    "depth_path": "./depth/wayp_3_depth.png",
    "wid": 3072,
    "hei": 2048,
    "cx": 1536.0,
    "cy": 1022.8994421297931,
    "fx": 1424.4703334315113,
    "fy": 1687.639699762028,
    "k1": 0.0,
    "k2": 0.0,
    "p1": 0.0,
    "p2": 0.0,
    "k3": 0.0,
    "k4": 0.0,
    "k5": 0.0,
    "k6": 0.0,
    "transform_matrix": [
      [
        -0.8687836169943386,
        0.055013217426058775,
        -0.49212658204029935,
        445.6144974878759
      ],
      [
        -0.4950508662147439,
        -0.07277190411412648,
        0.8658111167175183,
        634.8159382293255
      ],
      [
        0.011818066773630176,
        0.9958302043421045,
        0.09045737901186646,
        36.93591436574629
      ],
      [
        0.0,
        0.0,
        0.0,
        1.0
      ]
    ]
  },
  "wayp_4": {
    "cam_id": "wayp_4",
    "file_path": "./images/wayp_4_inpaint_0.png",
    "mask_path": "./mask/wayp_4_GSmask.png",
    "depth_path": "./depth/wayp_4_depth.png",
    "wid": 3072,
    "hei": 2048,
    "cx": 1536.0,
    "cy": 1022.5252453922747,
    "fx": 1425.9308385262423,
    "fy": 1694.0532919021239,
    "k1": 0.0,
    "k2": 0.0,
    "p1": 0.0,
    "p2": 0.0,
    "k3": 0.0,
    "k4": 0.0,
    "k5": 0.0,
    "k6": 0.0,
    "transform_matrix": [
      [
        -0.8454127727459669,
        0.057319055216327214,
        -0.5310289724554438,
        446.14832755156743
      ],
      [
        -0.5340049538135112,
        -0.07066372898207632,
        0.8425232024751472,
        634.7056922133822
      ],
      [
        0.010768146572487869,
        0.9958519786170312,
        0.09034867848473557,
        36.79893957583033
      ],
      [
        0.0,
        0.0,
        0.0,
        1.0
      ]
    ]
  },
  "wayp_5": {
    "cam_id": "wayp_5",
    "file_path": "./images/wayp_5_inpaint_0.png",
    "mask_path": "./mask/wayp_5_GSmask.png",
    "depth_path": "./depth/wayp_5_depth.png",
    "wid": 3072,
    "hei": 2048,
    "cx": 1536.0,
    "cy": 1022.1473765976979,
    "fx": 1427.3859603555347,
    "fy": 1700.4069275803151,
    "k1": 0.0,
    "k2": 0.0,
    "p1": 0.0,
    "p2": 0.0,
    "k3": 0.0,
    "k4": 0.0,
    "k5": 0.0,
    "k6": 0.0,
    "transform_matrix": [
      [
        -0.8202957818387425,
        0.05952673908473988,
        -0.5688333654344688,
        446.6909014620637
      ],
      [
        -0.5718568598972413,
        -0.06845301044156826,
        0.817492456937649,
        634.6056396581182
      ],
      [
        0.009724303884272256,
        0.9958768762730784,
        0.09019248981230354,
        36.66804721888756
      ],
      [
        0.0,
        0.0,
        0.0,
        1.0
      ]
    ]
  },
  "wayp_6": {
    "cam_id": "wayp_6",
    "file_path": "./images/wayp_6_inpaint_0.png",
    "mask_path": "./mask/wayp_6_GSmask.png",
    "depth_path": "./depth/wayp_6_depth.png",
    "wid": 3072,
    "hei": 2048,
    "cx": 1536.0,
    "cy": 1021.7658357460631,
    "fx": 1428.8356989193885,
    "fy": 1706.700606796602,
    "k1": 0.0,
    "k2": 0.0,
    "p1": 0.0,
    "p2": 0.0,
    "k3": 0.0,
    "k4": 0.0,
    "k5": 0.0,
    "k6": 0.0,
    "transform_matrix": [
      [
        -0.793484513573332,
        0.06163170992551953,
        -0.6054616908202775,
        447.2422192193781
      ],
      [
        -0.6085284161891409,
        -0.06614431386530482,
        0.7907705712996809,
        634.5157805635303
      ],
      [
        0.008688694356944748,
        0.9959048458938959,
        0.08998913554105815,
        36.543237294917965
      ],
      [
        0.0,
        0.0,
        0.0,
        1.0
      ]
    ]
  },
  "wayp_7": {
    "cam_id": "wayp_7",
    "file_path": "./images/wayp_7_inpaint_0.png",
    "mask_path": "./mask/wayp_7_GSmask.png",
    "depth_path": "./depth/wayp_7_depth.png",
    "wid": 3072,
    "hei": 2048,
    "cx": 1536.0,
    "cy": 1021.3806228373703,
    "fx": 1430.2800542178038,
    "fy": 1712.934329550984,
    "k1": 0.0,
    "k2": 0.0,
    "p1": 0.0,
    "p2": 0.0,
    "k3": 0.0,
    "k4": 0.0,
    "k5": 0.0,
    "k6": 0.0,
    "transform_matrix": [
      [
        -0.7650343361162508,
        0.06362962074639156,
        -0.6408383071624524,
        447.80228082348407
      ],
      [
        -0.6439438919622996,
        -0.06374240696122087,
        0.7624127291429728,
        634.4361149296232
      ],
      [
        0.007663456636099797,
        0.9959358297191945,
        0.08973903561954592,
        36.424509803921566
      ],
      [
        0.0,
        0.0,
        0.0,
        1.0
      ]
    ]
  },
  "wayp_8": {
    "cam_id": "wayp_8",
    "file_path": "./images/wayp_8_inpaint_0.png",
    "mask_path": "./mask/wayp_8_GSmask.png",
    "depth_path": "./depth/wayp_8_depth.png",
    "wid": 3072,
    "hei": 2048,
    "cx": 1536.0,
    "cy": 1020.9917378716192,
    "fx": 1431.7190262507806,
    "fy": 1719.1080958434616,
    "k1": 0.0,
    "k2": 0.0,
    "p1": 0.0,
    "p2": 0.0,
    "k3": 0.0,
    "k4": 0.0,
    "k5": 0.0,
    "k6": 0.0,
    "transform_matrix": [
      [
        -0.7350040021586148,
        0.06551634564559289,
        -0.674890157925026,
        448.3710862743949
      ],
      [
        -0.6780301504318256,
        -0.061252249926653,
        0.7324774924762667,
        634.3666427563904
      ],
      [
        0.006650707948430257,
        0.9959697637640264,
        0.08944270653113452,
        36.31186474589836
      ],
      [
        0.0,
        0.0,
        0.0,
        1.0
      ]
    ]
  },
  "wayp_9": {
    "cam_id": "wayp_9",
    "file_path": "./images/wayp_9_inpaint_0.png",
    "mask_path": "./mask/wayp_9_GSmask.png",
    "depth_path": "./depth/wayp_9_depth.png",
    "wid": 3072,
    "hei": 2048,
    "cx": 1536.0,
    "cy": 1020.5991808488102,
    "fx": 1433.1526150183188,
    "fy": 1725.2219056740344,
    "k1": 0.0,
    "k2": 0.0,
    "p1": 0.0,
    "p2": 0.0,
    "k3": 0.0,
    "k4": 0.0,
    "k5": 0.0,
    "k6": 0.0,
    "transform_matrix": [
      [
        -0.7034555275854838,
        0.0672879883323046,
        -0.7075469223561222,
        448.9486355720974
      ],
      [
        -0.7107167997902091,
        -0.05867898520499368,
        0.7010266807984387,
        634.3073640438388
      ],
      [
        0.005652539729425865,
        0.9960065779509208,
        0.08910076022741611,
        36.205302120848344
      ],
      [
        0.0,
        0.0,
        0.0,
        1.0
      ]
    ]
  },
  "wayp_10": {
    "cam_id": "wayp_10",
    "file_path": "./images/wayp_10_inpaint_0.png",
    "mask_path": "./mask/wayp_10_GSmask.png",
    "depth_path": "./depth/wayp_10_depth.png",
    "wid": 3072,
    "hei": 2048,
    "cx": 1536.0,
    "cy": 1020.2029517689429,
    "fx": 1434.5808205204187,
    "fy": 1731.2757590427025,
    "k1": 0.0,
    "k2": 0.0,
    "p1": 0.0,
    "p2": 0.0,
    "k3": 0.0,
    "k4": 0.0,
    "k5": 0.0,
    "k6": 0.0,
    "transform_matrix": [
      [
        -0.6704540634063574,
        0.06894089017291338,
        -0.7387411607079102,
        449.53492871663104
      ],
      [
        -0.7419363385740146,
        -0.056027926865990646,
        0.6681252434345558,
        634.258278791963
      ],
      [
        0.004671013304332949,
        0.9960461962546042,
        0.08871390286446226,
        36.10482192877151
      ],
      [
        0.0,
        0.0,
        0.0,
        1.0
      ]
    ]
  },
  "wayp_11": {
    "cam_id": "wayp_11",
    "file_path": "./images/wayp_11_inpaint_0.png",
    "mask_path": "./mask/wayp_11_GSmask.png",
    "depth_path": "./depth/wayp_11_depth.png",
    "wid": 3072,
    "hei": 2048,
    "cx": 1536.0,
    "cy": 1019.8030506320175,
    "fx": 1436.00364275708,
    "fy": 1737.2696559494661,
    "k1": 0.0,
    "k2": 0.0,
    "p1": 0.0,
    "p2": 0.0,
    "k3": 0.0,
    "k4": 0.0,
    "k5": 0.0,
    "k6": 0.0,
    "transform_matrix": [
      [
        -0.6360677612112995,
        0.07047163774648624,
        -0.7684084535069704,
        450.12996570794314
      ],
      [
        -0.7716242950616965,
        -0.05330454963161882,
        0.6338411254084977,
        634.219387000765
      ],
      [
        0.003708155631295007,
        0.9960885368589978,
        0.08828293334453605,
        36.01042416966787
      ],
      [
        0.0,
        0.0,
        0.0,
        1.0
      ]
    ]
  },
  "wayp_12": {
    "cam_id": "wayp_12",
    "file_path": "./images/wayp_12_inpaint_0.png",
    "mask_path": "./mask/wayp_12_GSmask.png",
    "depth_path": "./depth/wayp_12_depth.png",
    "wid": 3072,
    "hei": 2048,
    "cx": 1536.0,
    "cy": 1019.3994774380341,
    "fx": 1437.4210817283026,
    "fy": 1743.2035963943251,
    "k1": 0.0,
    "k2": 0.0,
    "p1": 0.0,
    "p2": 0.0,
    "k3": 0.0,
    "k4": 0.0,
    "k5": 0.0,
    "k6": 0.0,
    "transform_matrix": [
      [
        -0.6003676324305381,
        0.0718770698938529,
        -0.7964875345874691,
        450.7337465460601
      ],
      [
        -0.7997193604146706,
        -0.05051447757018883,
        0.5982451271291405,
        634.1906886702462
      ],
      [
        0.0027659551154644024,
        0.9961335123261768,
        0.08780874166627246,
        35.922108843537416
      ],
      [
        0.0,
        0.0,
        0.0,
        1.0
      ]
    ]
  },
  "wayp_13": {
    "cam_id": "wayp_13",
    "file_path": "./images/wayp_13_inpaint_0.png",
    "mask_path": "./mask/wayp_13_GSmask.png",
    "depth_path": "./depth/wayp_13_depth.png",
    "wid": 3072,
    "hei": 2048,
    "cx": 1536.0,
    "cy": 1018.9922321869924,
    "fx": 1438.8331374340867,
    "fy": 1749.0775803772797,
    "k1": 0.0,
    "k2": 0.0,
    "p1": 0.0,
    "p2": 0.0,
    "k3": 0.0,
    "k4": 0.0,
    "k5": 0.0,
    "k6": 0.0,
    "transform_matrix": [
      [
        -0.5634274016881898,
        0.073154284245741,
        -0.8229204176124134,
        451.34627123099506
      ],
      [
        -0.8261635152866941,
        -0.047663472482035646,
        0.5614107581798615,
        634.172183800405
      ],
      [
        0.0018463575027320434,
        0.9961810297769416,
        0.08729230708673327,
        35.83987595038015
      ],
      [
        0.0,
        0.0,
        0.0,
        1.0
      ]
    ]
  },
  "wayp_14": {
    "cam_id": "wayp_14",
    "file_path": "./images/wayp_14_inpaint_0.png",
    "mask_path": "./mask/wayp_14_GSmask.png",
    "depth_path": "./depth/wayp_14_depth.png",
    "wid": 3072,
    "hei": 2048,
    "cx": 1536.0,
    "cy": 1018.5813148788928,
    "fx": 1440.2398098744322,
    "fy": 1754.8916078983293,
    "k1": 0.0,
    "k2": 0.0,
    "p1": 0.0,
    "p2": 0.0,
    "k3": 0.0,
    "k4": 0.0,
    "k5": 0.0,
    "k6": 0.0,
    "transform_matrix": [
      [
        -0.525323354552941,
        0.07430064321648294,
        -0.8476525158217031,
        451.9675397627349
      ],
      [
        -0.8509021496400844,
        -0.04475742200077981,
        0.5234140855133039,
        634.1638723912399
      ],
      [
        0.0009512618615510338,
        0.9962309910826211,
        0.08673469609913756,
        35.76372549019608
      ],
      [
        0.0,
        0.0,
        0.0,
        1.0
      ]
    ]
  },
  "wayp_15": {
    "cam_id": "wayp_15",
    "file_path": "./images/wayp_15_inpaint_0.png",
    "mask_path": "./mask/wayp_15_GSmask.png",
    "depth_path": "./depth/wayp_15_depth.png",
    "wid": 3072,
    "hei": 2048,
    "cx": 1536.0,
    "cy": 1018.166725513735,
    "fx": 1441.6410990493393,
    "fy": 1760.6456789574745,
    "k1": 0.0,
    "k2": 0.0,
    "p1": 0.0,
    "p2": 0.0,
    "k3": 0.0,
    "k4": 0.0,
    "k5": 0.0,
    "k6": 0.0,
    "transform_matrix": [
      [
        -0.4861341800001056,
        0.07531377945091494,
        -0.8706327547596884,
        452.5975521412663
      ],
      [
        -0.8738841755213476,
        -0.041802327434728004,
        0.4843335763649,
        634.1657544427542
      ],
      [
        8.25166611551631e-05,
        0.9962832930677192,
        0.08613706023043677,
        35.6936574629852
      ],
      [
        0.0,
        0.0,
        0.0,
        1.0
      ]
    ]
  },
  "wayp_16": {
    "cam_id": "wayp_16",
    "file_path": "./images/wayp_16_inpaint_0.png",
    "mask_path": "./mask/wayp_16_GSmask.png",
    "depth_path": "./depth/wayp_16_depth.png",
    "wid": 3072,
    "hei": 2048,
    "cx": 1536.0,
    "cy": 1017.7484640915189,
    "fx": 1443.037004958808,
    "fy": 1766.339793554715,
    "k1": 0.0,
    "k2": 0.0,
    "p1": 0.0,
    "p2": 0.0,
    "k3": 0.0,
    "k4": 0.0,
    "k5": 0.0,
    "k6": 0.0,
    "transform_matrix": [
      [
        -0.44594080791038787,
        0.07619160071322101,
        -0.8918136777494433,
        453.2363083665893
      ],
      [
        -0.8950621325633268,
        -0.038804291373522065,
        0.44424993620954933,
        634.177829954946
      ],
      [
        -0.0007580840457298565,
        0.9963378277229848,
        0.08550063366328764,
        35.62967186874751
      ],
      [
        0.0,
        0.0,
        0.0,
        1.0
      ]
    ]
  },
  "wayp_17": {
    "cam_id": "wayp_17",
    "file_path": "./images/wayp_17_inpaint_0.png",
    "mask_path": "./mask/wayp_17_GSmask.png",
    "depth_path": "./depth/wayp_17_depth.png",
    "wid": 3072,
    "hei": 2048,
    "cx": 1536.0,
    "cy": 1017.3265306122449,
    "fx": 1444.4275276028382,
    "fy": 1771.973951690051,
    "k1": 0.0,
    "k2": 0.0,
    "p1": 0.0,
    "p2": 0.0,
    "k3": 0.0,
    "k4": 0.0,
    "k5": 0.0,
    "k6": 0.0,
    "transform_matrix": [
      [
        -0.40482624194092953,
        0.07693229420762687,
        -0.9111515438959292,
        453.8838084387436
      ],
      [
        -0.9143922859959863,
        -0.03576950508563209,
        0.4032459420960908,
        634.2000989278172
      ],
      [
        -0.0015688043277988784,
        0.996394482428461,
        0.08482673068733113,
        35.57176870748299
      ],
      [
        0.0,
        0.0,
        0.0,
        1.0
      ]
    ]
  },
  "wayp_18": {
    "cam_id": "wayp_18",
    "file_path": "./images/wayp_18_inpaint_0.png",
    "mask_path": "./mask/wayp_18_GSmask.png",
    "depth_path": "./depth/wayp_18_depth.png",
    "wid": 3072,
    "hei": 2048,
    "cx": 1536.0,
    "cy": 1016.9009250759127,
    "fx": 1445.8126669814296,
    "fy": 1777.5481533634825,
    "k1": 0.0,
    "k2": 0.0,
    "p1": 0.0,
    "p2": 0.0,
    "k3": 0.0,
    "k4": 0.0,
    "k5": 0.0,
    "k6": 0.0,
    "transform_matrix": [
      [
        -0.3628753881137904,
        0.07753433032201801,
        -0.9286064184156724,
        454.54005235768955
      ],
      [
        -0.9318347169634396,
        -0.032704235732717885,
        0.3614062717037518,
        634.2325613613642
      ],
      [
        -0.00234796996005332,
        0.9964531401860579,
        0.08411674298504232,
        35.51994797919168
      ],
      [
        0.0,
        0.0,
        0.0,
        1.0
      ]
    ]
  },
  "wayp_19": {
    "cam_id": "wayp_19",
    "file_path": "./images/wayp_19_inpaint_0.png",
    "mask_path": "./mask/wayp_19_GSmask.png",
    "depth_path": "./depth/wayp_19_depth.png",
    "wid": 3072,
    "hei": 2048,
    "cx": 1536.0,
    "cy": 1016.4716474825225,
    "fx": 1447.1924230945824,
    "fy": 1783.0623985750092,
    "k1": 0.0,
    "k2": 0.0,
    "p1": 0.0,
    "p2": 0.0,
    "k3": 0.0,
    "k4": 0.0,
    "k5": 0.0,
    "k6": 0.0,
    "transform_matrix": [
      [
        -0.32017487947583534,
        0.07799646578675512,
        -0.9441422551064061,
        455.20504012342707
      ],
      [
        -0.9473534049607002,
        -0.02961481342726288,
        0.3188173284735886,
        634.275217255589
      ],
      [
        -0.0030939718812565964,
        0.9965136798611669,
        0.08337213675775648,
        35.47420968387355
      ],
      [
        0.0,
        0.0,
        0.0,
        1.0
      ]
    ]
  },
  "wayp_20": {
    "cam_id": "wayp_20",
    "file_path": "./images/wayp_20_inpaint_0.png",
    "mask_path": "./mask/wayp_20_GSmask.png",
    "depth_path": "./depth/wayp_20_depth.png",
    "wid": 3072,
    "hei": 2048,
    "cx": 1536.0,
    "cy": 1016.038697832074,
    "fx": 1448.566795942297,
    "fy": 1788.5166873246312,
    "k1": 0.0,
    "k2": 0.0,
    "p1": 0.0,
    "p2": 0.0,
    "k3": 0.0,
    "k4": 0.0,
    "k5": 0.0,
    "k6": 0.0,
    "transform_matrix": [
      [
        -0.27681289719213,
        0.07831774624215987,
        -0.957726970786376,
        455.87877173598264
      ],
      [
        -0.9609163022199196,
        -0.026507618160208107,
        0.27556706317604246,
        634.3280666104932
      ],
      [
        -0.0038052695168195316,
        0.9965759764328164,
        0.08259444969780413,
        35.43455382152861
      ],
      [
        0.0,
        0.0,
        0.0,
        1.0
      ]
    ]
  },
  "wayp_21": {
    "cam_id": "wayp_21",
    "file_path": "./images/wayp_21_inpaint_0.png",
    "mask_path": "./mask/wayp_21_GSmask.png",
    "depth_path": "./depth/wayp_21_depth.png",
    "wid": 3072,
    "hei": 2048,
    "cx": 1536.0,
    "cy": 1015.6020761245675,
    "fx": 1449.9357855245728,
    "fy": 1793.9110196123486,
    "k1": 0.0,
    "k2": 0.0,
    "p1": 0.0,
    "p2": 0.0,
    "k3": 0.0,
    "k4": 0.0,
    "k5": 0.0,
    "k6": 0.0,
    "transform_matrix": [
      [
        -0.2328789884423062,
        0.07849750820937035,
        -0.9693325115495759,
        456.56124719534307
      ],
      [
        -0.9724953998924877,
        -0.023389066625580546,
        0.23174479228309536,
        634.391109426075
      ],
      [
        -0.004480393960253293,
        0.9966399012518536,
        0.08178528781301037,
        35.40098039215686
      ],
      [
        0.0,
        0.0,
        0.0,
        1.0
      ]
    ]
  },
  "wayp_22": {
    "cam_id": "wayp_22",
    "file_path": "./images/wayp_22_inpaint_0.png",
    "mask_path": "./mask/wayp_22_GSmask.png",
    "depth_path": "./depth/wayp_22_depth.png",
    "wid": 3072,
    "hei": 2048,
    "cx": 1536.0,
    "cy": 1015.1617823600029,
    "fx": 1451.2993918414104,
    "fy": 1799.2453954381615,
    "k1": 0.0,
    "k2": 0.0,
    "p1": 0.0,
    "p2": 0.0,
    "k3": 0.0,
    "k4": 0.0,
    "k5": 0.0,
    "k6": 0.0,
    "transform_matrix": [
      [
        -0.18846388149595628,
        0.07853538046049685,
        -0.9789349107000951,
        457.2524665014951
      ],
      [
        -0.9820667858903345,
        -0.020265598969327114,
        0.18744101352010023,
        634.4643457023344
      ],
      [
        -0.005117951006619992,
        0.9967053223066181,
        0.08094632211011454,
        35.3734893957583
      ],
      [
        0.0,
        0.0,
        0.0,
        1.0
      ]
    ]
  },
  "wayp_23": {
    "cam_id": "wayp_23",
    "file_path": "./images/wayp_23_inpaint_0.png",
    "mask_path": "./mask/wayp_23_GSmask.png",
    "depth_path": "./depth/wayp_23_depth.png",
    "wid": 3072,
    "hei": 2048,
    "cx": 1536.0,
    "cy": 1014.71781653838,
    "fx": 1452.6576148928093,
    "fy": 1804.5198148020697,
    "k1": 0.0,
    "k2": 0.0,
    "p1": 0.0,
    "p2": 0.0,
    "k3": 0.0,
    "k4": 0.0,
    "k5": 0.0,
    "k6": 0.0,
    "transform_matrix": [
      [
        -0.14365929834895308,
        0.07843128478524802,
        -0.9865143382459385,
        457.952429654452
      ],
      [
        -0.9896106942669762,
        -0.017143665489717574,
        0.14274721897819997,
        634.5477754392698
      ],
      [
        -0.005716624031717132,
        0.9967721044955622,
        0.08007928514396212,
        35.35208083233293
      ],
      [
        0.0,
        0.0,
        0.0,
        1.0
      ]
    ]
  },
  "wayp_24": {
    "cam_id": "wayp_24",
    "file_path": "./images/wayp_24_inpaint_0.png",
    "mask_path": "./mask/wayp_24_GSmask.png",
    "depth_path": "./depth/wayp_24_depth.png",
    "wid": 3072,
    "hei": 2048,
    "cx": 1536.0,
    "cy": 1014.2701786596991,
    "fx": 1454.0104546787695,
    "fy": 1809.7342777040733,
    "k1": 0.0,
    "k2": 0.0,
    "p1": 0.0,
    "p2": 0.0,
    "k3": 0.0,
    "k4": 0.0,
    "k5": 0.0,
    "k6": 0.0,
    "transform_matrix": [
      [
        -0.09855776530761554,
        0.07818543615244317,
        -0.9920551418500998,
        458.6611366542137
      ],
      [
        -0.9951115460363298,
        -0.014029713316780962,
        0.09775570617327073,
        634.6413986368862
      ],
      [
        -0.006275176711048103,
        0.9968401099062485,
        0.07918596743959092,
        35.33675470188075
      ],
      [
        0.0,
        0.0,
        0.0,
        1.0
      ]
    ]
  },
  "wayp_25": {
    "cam_id": "wayp_25",
    "file_path": "./images/wayp_25_inpaint_0.png",
    "mask_path": "./mask/wayp_25_GSmask.png",
    "depth_path": "./depth/wayp_25_depth.png",
    "wid": 3072,
    "hei": 2048,
    "cx": 1536.0,
    "cy": 1013.8188687239602,
    "fx": 1455.3579111992913,
    "fy": 1814.8887841441724,
    "k1": 0.0,
    "k2": 0.0,
    "p1": 0.0,
    "p2": 0.0,
    "k3": 0.0,
    "k4": 0.0,
    "k5": 0.0,
    "k6": 0.0,
    "transform_matrix": [
      [
        -0.05325242191188573,
        0.07779834226607796,
        -0.9955458791543307,
        459.3785875007934
      ],
      [
        -0.9985579813450034,
        -0.010930173098284812,
        0.0525593874415764,
        634.7452152951786
      ],
      [
        -0.0067924555729658165,
        0.9969091981001541,
        0.0782682137946023,
        35.327511004401764
      ],
      [
        0.0,
        0.0,
        0.0,
        1.0
      ]
    ]
  },
  "wayp_26": {
    "cam_id": "wayp_26",
    "file_path": "./images/wayp_26_inpaint_0.png",
    "mask_path": "./mask/wayp_26_GSmask.png",
    "depth_path": "./depth/wayp_26_depth.png",
    "wid": 3072,
    "hei": 2048,
    "cx": 1536.0,
    "cy": 1013.363886731163,
    "fx": 1456.6999844543745,
    "fy": 1819.9833341223668,
    "k1": 0.0,
    "k2": 0.0,
    "p1": 0.0,
    "p2": 0.0,
    "k3": 0.0,
    "k4": 0.0,
    "k5": 0.0,
    "k6": 0.0,
    "transform_matrix": [
      [
        -0.007836828592114264,
        0.07727080251686208,
        -0.9969793414088469,
        460.1047821941648
      ],
      [
        -0.9999428829316217,
        -0.007851445719754435,
        0.0072515980657535395,
        634.8592254141502
      ],
      [
        -0.007267392380717497,
        0.996979226402692,
        0.07732791946945705,
        35.324349739895965
      ],
      [
        0.0,
        0.0,
        0.0,
        1.0
      ]
    ]
  },
  "wayp_27": {
    "cam_id": "wayp_27",
    "file_path": "./images/wayp_27_inpaint_0.png",
    "mask_path": "./mask/wayp_27_GSmask.png",
    "depth_path": "./depth/wayp_27_depth.png",
    "wid": 3072,
    "hei": 2048,
    "cx": 1536.0,
    "cy": 1012.9052326813079,
    "fx": 1458.0366744440194,
    "fy": 1825.0179276386566,
    "k1": 0.0,
    "k2": 0.0,
    "p1": 0.0,
    "p2": 0.0,
    "k3": 0.0,
    "k4": 0.0,
    "k5": 0.0,
    "k6": 0.0,
    "transform_matrix": [
      [
        0.037595226543340715,
        0.07660390633138991,
        -0.9963525683591761,
        460.839720734341
      ],
      [
        -0.999263390824739,
        -0.004799889085950082,
        -0.03807409647263421,
        634.9834289937979
      ],
      [
        -0.0076990063384674845,
        0.9970500501978494,
        0.07636702627355607,
        35.32727090836334
      ],
      [
        0.0,
        0.0,
        0.0,
        1.0
      ]
    ]
  },
  "wayp_28": {
    "cam_id": "wayp_28",
    "file_path": "./images/wayp_28_inpaint_0.png",
    "mask_path": "./mask/wayp_28_GSmask.png",
    "depth_path": "./depth/wayp_28_depth.png",
    "wid": 3072,
    "hei": 2048,
    "cx": 1536.0,
    "cy": 1012.4429065743944,
    "fx": 1459.3679811682257,
    "fy": 1829.9925646930417,
    "k1": 0.0,
    "k2": 0.0,
    "p1": 0.0,
    "p2": 0.0,
    "k3": 0.0,
    "k4": 0.0,
    "k5": 0.0,
    "k6": 0.0,
    "transform_matrix": [
      [
        0.08294992139069224,
        0.07579903092235701,
        -0.9936668543594024,
        461.583403121322
      ],
      [
        -0.9965209082489905,
        -0.001781804991108471,
        -0.08332409371592747,
        635.117826034125
      ],
      [
        -0.008086406116747713,
        0.997121523226836,
        0.07538751855519465,
        35.33627450980392
      ],
      [
        0.0,
        0.0,
        0.0,
        1.0
      ]
    ]
  },
  "wayp_29": {
    "cam_id": "wayp_29",
    "file_path": "./images/wayp_29_inpaint_0.png",
    "mask_path": "./mask/wayp_29_GSmask.png",
    "depth_path": "./depth/wayp_29_depth.png",
    "wid": 3072,
    "hei": 2048,
    "cx": 1536.0,
    "cy": 1011.976908410423,
    "fx": 1460.6939046269933,
    "fy": 1834.9072452855223,
    "k1": 0.0,
    "k2": 0.0,
    "p1": 0.0,
    "p2": 0.0,
    "k3": 0.0,
    "k4": 0.0,
    "k5": 0.0,
    "k6": 0.0,
    "transform_matrix": [
      [
        0.12813359360350832,
        0.07485783844446775,
        -0.9889277456991855,
        462.3358293551078
      ],
      [
        -0.9917210987272804,
        0.0011965738949438198,
        -0.1284049475295616,
        635.262416535128
      ],
      [
        -0.00842879169314903,
        0.9971934978901216,
        0.07439141910366817,
        35.351360544217684
      ],
      [
        0.0,
        0.0,
        0.0,
        1.0
      ]
    ]
  },
  "wayp_30": {
    "cam_id": "wayp_30",
    "file_path": "./images/wayp_30_inpaint_0.png",
    "mask_path": "./mask/wayp_30_GSmask.png",
    "depth_path": "./depth/wayp_30_depth.png",
    "wid": 3072,
    "hei": 2048,
    "cx": 1536.0,
    "cy": 1011.5072381893934,
    "fx": 1462.0144448203223,
    "fy": 1839.7619694160983,
    "k1": 0.0,
    "k2": 0.0,
    "p1": 0.0,
    "p2": 0.0,
    "k3": 0.0,
    "k4": 0.0,
    "k5": 0.0,
    "k6": 0.0,
    "transform_matrix": [
      [
        0.17305293401558122,
        0.07378227256190567,
        -0.982145029150074,
        463.09699943568535
      ],
      [
        -0.9848738743849961,
        0.0041290968979277864,
        -0.17322356107843495,
        635.4172004968102
      ],
      [
        -0.008725456004454235,
        0.9972658255522486,
        0.07338078497199482,
        35.37252901160465
      ],
      [
        0.0,
        0.0,
        0.0,
        1.0
      ]
    ]
  },
  "wayp_31": {
    "cam_id": "wayp_31",
    "file_path": "./images/wayp_31_inpaint_0.png",
    "mask_path": "./mask/wayp_31_GSmask.png",
    "depth_path": "./depth/wayp_31_depth.png",
    "wid": 3072,
    "hei": 2048,
    "cx": 1536.0,
    "cy": 1011.0338959113056,
    "fx": 1463.329601748213,
    "fy": 1844.5567370847696,
    "k1": 0.0,
    "k2": 0.0,
    "p1": 0.0,
    "p2": 0.0,
    "k3": 0.0,
    "k4": 0.0,
    "k5": 0.0,
    "k6": 0.0,
    "transform_matrix": [
      [
        0.21761517933443755,
        0.0725745544344562,
        -0.9733327117547632,
        463.8669133630676
      ],
      [
        -0.9759933754803976,
        0.007009708040919771,
        -0.21768737908193236,
        635.5821779191701
      ],
      [
        -0.008975786406798247,
        0.9973383568487785,
        0.07235770322887752,
        35.399779911964785
      ],
      [
        0.0,
        0.0,
        0.0,
        1.0
      ]
    ]
  },
  "wayp_32": {
    "cam_id": "wayp_32",
    "file_path": "./images/wayp_32_inpaint_0.png",
    "mask_path": "./mask/wayp_32_GSmask.png",
    "depth_path": "./depth/wayp_32_depth.png",
    "wid": 3072,
    "hei": 2048,
    "cx": 1536.0,
    "cy": 1010.5568815761599,
    "fx": 1464.6393754106653,
    "fy": 1849.2915482915364,
    "k1": 0.0,
    "k2": 0.0,
    "p1": 0.0,
    "p2": 0.0,
    "k3": 0.0,
    "k4": 0.0,
    "k5": 0.0,
    "k6": 0.0,
    "transform_matrix": [
      [
        0.26172830370756395,
        0.07123717813057368,
        -0.9625089919010388,
        464.64557113728114
      ],
      [
        -0.9650979412034555,
        0.009832458550594614,
        -0.2617045789505841,
        635.7573488022094
      ],
      [
        -0.009179265940848003,
        0.9974109419947446,
        0.07132428664868251,
        35.433113245298124
      ],
      [
        0.0,
        0.0,
        0.0,
        1.0
      ]
    ]
  },
  "wayp_33": {
    "cam_id": "wayp_33",
    "file_path": "./images/wayp_33_inpaint_0.png",
    "mask_path": "./mask/wayp_33_GSmask.png",
    "depth_path": "./depth/wayp_33_depth.png",
    "wid": 3072,
    "hei": 2048,
    "cx": 1536.0,
    "cy": 1010.076195183956,
    "fx": 1465.9437658076788,
    "fy": 1853.9664030363983,
    "k1": 0.0,
    "k2": 0.0,
    "p1": 0.0,
    "p2": 0.0,
    "k3": 0.0,
    "k4": 0.0,
    "k5": 0.0,
    "k6": 0.0,
    "transform_matrix": [
      [
        0.30530120876573696,
        0.06977290547685822,
        -0.9496962217401401,
        465.43297275827314
      ],
      [
        -0.9522100718034433,
        0.012591519142090501,
        -0.3051842604096349,
        635.942713145923
      ],
      [
        -0.009335474399374322,
        0.9974834310939766,
        0.07028266934833122,
        35.47252901160464
      ],
      [
        0.0,
        0.0,
        0.0,
        1.0
      ]
    ]
  },
  "wayp_34": {
    "cam_id": "wayp_34",
    "file_path": "./images/wayp_34_inpaint_0.png",
    "mask_path": "./mask/wayp_34_GSmask.png",
    "depth_path": "./depth/wayp_34_depth.png",
    "wid": 3072,
    "hei": 2048,
    "cx": 1536.0,
    "cy": 1009.5918367346939,
    "fx": 1467.2427729392539,
    "fy": 1858.581301319356,
    "k1": 0.0,
    "k2": 0.0,
    "p1": 0.0,
    "p2": 0.0,
    "k3": 0.0,
    "k4": 0.0,
    "k5": 0.0,
    "k6": 0.0,
    "transform_matrix": [
      [
        0.34824391175100167,
        0.06818476035458665,
        -0.9349208610271501,
        466.22911822606994
      ],
      [
        -0.9373563821234892,
        0.015281192057108928,
        -0.34803663321793704,
        636.1382709503176
      ],
      [
        -0.009444089195028704,
        0.99755567444865,
        0.06923500238011832,
        35.518027210884355
      ],
      [
        0.0,
        0.0,
        0.0,
        1.0
      ]
    ]
  },
  "wayp_35": {
    "cam_id": "wayp_35",
    "file_path": "./images/wayp_35_inpaint_0.png",
    "mask_path": "./mask/wayp_35_GSmask.png",
    "depth_path": "./depth/wayp_35_depth.png",
    "wid": 3072,
    "hei": 2048,
    "cx": 1536.0,
    "cy": 1009.1038062283737,
    "fx": 1468.5363968053905,
    "fy": 1863.1362431404089,
    "k1": 0.0,
    "k2": 0.0,
    "p1": 0.0,
    "p2": 0.0,
    "k3": 0.0,
    "k4": 0.0,
    "k5": 0.0,
    "k6": 0.0,
    "transform_matrix": [
      [
        0.39046773134079016,
        0.06647602245507034,
        -0.9182134224787446,
        467.03400754065837
      ],
      [
        -0.9205675466380505,
        0.0178959228304017,
        -0.3901732025945003,
        636.3440222153897
      ],
      [
        -0.009504886026520054,
        0.9976275228684307,
        0.06818344928955683,
        35.569607843137256
      ],
      [
        0.0,
        0.0,
        0.0,
        1.0
      ]
    ]
  },
  "wayp_36": {
    "cam_id": "wayp_36",
    "file_path": "./images/wayp_36_inpaint_0.png",
    "mask_path": "./mask/wayp_36_GSmask.png",
    "depth_path": "./depth/wayp_36_depth.png",
    "wid": 3072,
    "hei": 2048,
    "cx": 1536.0,
    "cy": 1008.6121036649954,
    "fx": 1469.8246374060882,
    "fy": 1867.631228499557,
    "k1": 0.0,
    "k2": 0.0,
    "p1": 0.0,
    "p2": 0.0,
    "k3": 0.0,
    "k4": 0.0,
    "k5": 0.0,
    "k6": 0.0,
    "transform_matrix": [
      [
        0.43188547078443795,
        0.06465022050673858,
        -0.8996084087611312,
        467.847640702078
      ],
      [
        -0.9018782361068072,
        0.0204303117603431,
        -0.43150695196977956,
        636.5599669411397
      ],
      [
        -0.009517739341820763,
        0.9976988279785666,
        0.06713018164742218,
        35.62727090836334
      ],
      [
        0.0,
        0.0,
        0.0,
        1.0
      ]
    ]
  },
  "wayp_37": {
    "cam_id": "wayp_37",
    "file_path": "./images/wayp_37_inpaint_0.png",
    "mask_path": "./mask/wayp_37_GSmask.png",
    "depth_path": "./depth/wayp_37_depth.png",
    "wid": 3072,
    "hei": 2048,
    "cx": 1536.0,
    "cy": 1008.1167290445591,
    "fx": 1471.1074947413479,
    "fy": 1872.0662573968007,
    "k1": 0.0,
    "k2": 0.0,
    "p1": 0.0,
    "p2": 0.0,
    "k3": 0.0,
    "k4": 0.0,
    "k5": 0.0,
    "k6": 0.0,
    "transform_matrix": [
      [
        0.4724115979738964,
        0.06271112498793269,
        -0.8791442412383181,
        468.6700177102893
      ],
      [
        -0.8813270459757969,
        0.022879125059896033,
        -0.4719525226842946,
        636.7861051275672
      ],
      [
        -0.009482622597446089,
        0.9977694425262993,
        0.06607737456522372,
        35.69101640656263
      ],
      [
        0.0,
        0.0,
        0.0,
        1.0
      ]
    ]
  },
  "wayp_38": {
    "cam_id": "wayp_38",
    "file_path": "./images/wayp_38_inpaint_0.png",
    "mask_path": "./mask/wayp_38_GSmask.png",
    "depth_path": "./depth/wayp_38_depth.png",
    "wid": 3072,
    "hei": 2048,
    "cx": 1536.0,
    "cy": 1007.6176823670645,
    "fx": 1472.3849688111688,
    "fy": 1876.4413298321397,
    "k1": 0.0,
    "k2": 0.0,
    "p1": 0.0,
    "p2": 0.0,
    "k3": 0.0,
    "k4": 0.0,
    "k5": 0.0,
    "k6": 0.0,
    "transform_matrix": [
      [
        0.5119624220767809,
        0.06066274034046082,
        -0.8568631806278422,
        469.50113856529225
      ],
      [
        -0.8589564166736479,
        0.02523730566494925,
        -0.5114263902634872,
        637.0224367746707
      ],
      [
        -0.009399608313267693,
        0.9978392206849558,
        0.06502720220336561,
        35.760844337735094
      ],
      [
        0.0,
        0.0,
        0.0,
        1.0
      ]
    ]
  },
  "wayp_39": {
    "cam_id": "wayp_39",
    "file_path": "./images/wayp_39_inpaint_0.png",
    "mask_path": "./mask/wayp_39_GSmask.png",
    "depth_path": "./depth/wayp_39_depth.png",
    "wid": 3072,
    "hei": 2048,
    "cx": 1536.0,
    "cy": 1007.1149636325118,
    "fx": 1473.6570596155511,
    "fy": 1880.7564458055742,
    "k1": 0.0,
    "k2": 0.0,
    "p1": 0.0,
    "p2": 0.0,
    "k3": 0.0,
    "k4": 0.0,
    "k5": 0.0,
    "k6": 0.0,
    "transform_matrix": [
      [
        0.550456266366983,
        0.05850929669999294,
        -0.8328112397278232,
        470.3410032671132
      ],
      [
        -0.8348125459675076,
        0.02749998367769957,
        -0.5498470369047874,
        637.2689618824552
      ],
      [
        -0.009268867922754276,
        0.9979080183550981,
        0.06398183328126883,
        35.83675470188075
      ],
      [
        0.0,
        0.0,
        0.0,
        1.0
      ]
    ]
  },
  "wayp_40": {
    "cam_id": "wayp_40",
    "file_path": "./images/wayp_40_inpaint_0.png",
    "mask_path": "./mask/wayp_40_GSmask.png",
    "depth_path": "./depth/wayp_40_depth.png",
    "wid": 3072,
    "hei": 2048,
    "cx": 1536.0,
    "cy": 1006.608572840901,
    "fx": 1474.9237671544952,
    "fy": 1885.0116053171039,
    "k1": 0.0,
    "k2": 0.0,
    "p1": 0.0,
    "p2": 0.0,
    "k3": 0.0,
    "k4": 0.0,
    "k5": 0.0,
    "k6": 0.0,
    "transform_matrix": [
      [
        0.5878136368959372,
        0.05625524116037384,
        -0.8070380883955601,
        471.18961181573894
      ],
      [
        -0.80894529355966,
        0.029662486423519208,
        -0.5871351198206852,
        637.5256804509157
      ],
      [
        -0.009090671418941432,
        0.9979756934621019,
        0.06294342659873331,
        35.9187474989996
      ],
      [
        0.0,
        0.0,
        0.0,
        1.0
      ]
    ]
  },
  "wayp_41": {
    "cam_id": "wayp_41",
    "file_path": "./images/wayp_41_inpaint_0.png",
    "mask_path": "./mask/wayp_41_GSmask.png",
    "depth_path": "./depth/wayp_41_depth.png",
    "wid": 3072,
    "hei": 2048,
    "cx": 1536.0,
    "cy": 1006.0985099922322,
    "fx": 1476.1850914280003,
    "fy": 1889.206808366729,
    "k1": 0.0,
    "k2": 0.0,
    "p1": 0.0,
    "p2": 0.0,
    "k3": 0.0,
    "k4": 0.0,
    "k5": 0.0,
    "k6": 0.0,
    "transform_matrix": [
      [
        0.6239573866562164,
        0.05390522858989277,
        -0.7795969509739096,
        472.04696421115636
      ],
      [
        -0.7814080781218523,
        0.03172034810053165,
        -0.6232136350901625,
        637.7925924800538
      ],
      [
        -0.008865386796867714,
        0.9980421062495572,
        0.06191412657778045,
        36.00682272909163
      ],
      [
        0.0,
        0.0,
        0.0,
        1.0
      ]
    ]
  },
  "wayp_42": {
    "cam_id": "wayp_42",
    "file_path": "./images/wayp_42_inpaint_0.png",
    "mask_path": "./mask/wayp_42_GSmask.png",
    "depth_path": "./depth/wayp_42_depth.png",
    "wid": 3072,
    "hei": 2048,
    "cx": 1536.0,
    "cy": 1005.5847750865053,
    "fx": 1477.4410324360672,
    "fy": 1893.3420549544496,
    "k1": 0.0,
    "k2": 0.0,
    "p1": 0.0,
    "p2": 0.0,
    "k3": 0.0,
    "k4": 0.0,
    "k5": 0.0,
    "k6": 0.0,
    "transform_matrix": [
      [
        0.658812874898439,
        0.05146411201847856,
