{
  "55_13-GRINDBUS_0": {
    "_comment": "[7.991302967071533, 46.64944076538086, 1810.0",
    "cam_id": "55_13-GRINDBUS_0",
    "file_path": "./seasonScapes/data/2024-10-09/12-00-00/imagesPlane/55_13-GRINDBUS_0.jpg",
    "tilt_angle": 0.008726646259971648,
    "camera_angle_hei": 1.0960667702524387,
    "nbr_frames": 4.0,
    "hei": 2048.0,
    "camera_angle_wid_img": 1.7920290839899442,
    "overlapPix_wid_img": 506.0,
    "degPerPix_wid_img": 0.03342308049391886,
    "camera_angle_wid_pano": 6.283185307179586,
    "cx": 1536.0,
    "cy": 1024.0,
    "wid": 3072.0,
    "transform_matrix": [
      [
        0.20316150784492493,
        -0.01713498681783676,
        -0.9789953231811523,
        7.991302967071533
      ],
      [
        -0.9791350364685059,
        -0.008126773871481419,
        -0.20304825901985168,
        46.64944076538086
      ],
      [
        -0.00447684433311224,
        0.9998201727867126,
        -0.018428511917591095,
        1810.0
      ],
      [
        0.0,
        0.0,
        0.0,
        1.0
      ]
    ],
  "fx": 863.7032470703125,
  "fy": 1516.0155029296875,
  "k1": 0.0,
  "k2": 0.0,
  "p1": 0.0,
  "p2": 0.0,
  "k3": 0.0,
  "k4": 0.0,
  "k5": 0.0,
  "k6": 0.0
},
  "69_16-GRINDBEL_1": {
    "_comment": "[8.029475212097168, 46.62504577636719, 1041.0",
    "cam_id": "69_16-GRINDBEL_1",
    "file_path": "./seasonScapes/data/2024-10-09/12-00-00/imagesPlane/69_16-GRINDBEL_1.jpg",
    "wid": 3072.0,
    "hei": 2048.0,    
    "cx": 1536.0,
    "cy": 1024.0,
    "transform_matrix": [
      [
        -0.20116043090820312,
        -0.1551840752363205,
        -0.9671878814697266,
        8.029475212097168
      ],
      [
        -0.9795024991035461,
        0.02132902853190899,
        0.200299471616745,
        46.62504577636719
      ],
      [
        -0.010454109869897366,
        0.9876552820205688,
        -0.15629374980926514,
        1041.0
      ],
      [
        0.0,
        0.0,
        0.0,
        1.0
      ]
    ],
  "fx": 928.5267333984375,
  "fy": 1629.599365234375,
  "k1": 0.0,
  "k2": 0.0,
  "p1": 0.0,
  "p2": 0.0,
  "k3": 0.0,
  "k4": 0.0,
  "k5": 0.0,
  "k6": 0.0
},
  "70_16-GRINDBEL_2": {
    "_comment": "[8.029475212097168, 46.62504577636719, 1041.0",
    "cam_id": "70_16-GRINDBEL_2",
    "file_path": "./seasonScapes/data/2024-10-09/12-00-00/imagesPlane/70_16-GRINDBEL_2.jpg",
    "wid": 3072.0,
    "hei": 2048.0,    
    "cx": 1536.0,
    "cy": 1024.0,
    "transform_matrix": [
      [
        -0.9964245557785034,
        -0.00209874683059752,
        0.08446141332387924,
        8.029475212097168
      ],
      [
        0.08397441357374191,
        0.08540371805429459,
        0.9928013682365417,
        46.62504577636719
      ],
      [
        -0.009296957403421402,
        0.9963442087173462,
        -0.08492211997509003,
        1041.0
      ],
      [
        0.0,
        0.0,
        0.0,
        1.0
      ]
    ],
  "fx": 1812.0361328125,
  "fy": 1970.7550048828125,
  "k1": 0.0,
  "k2": 0.0,
  "p1": 0.0,
  "p2": 0.0,
  "k3": 0.0,
  "k4": 0.0,
  "k5": 0.0,
  "k6": 0.0
},
  "47_11-GRINDFAUL_1": {
    "_comment": "[7.999489784240723, 46.67496871948242, 2685.0",
    "cam_id": "47_11-GRINDFAUL_1",
    "file_path": "./seasonScapes/data/2024-10-09/12-00-00/imagesPlane/47_11-GRINDFAUL_1.jpg",
    "wid": 3072.0,
    "hei": 2048.0,    
    "cx": 1536.0,
    "cy": 1024.0,
    "transform_matrix": [
      [
        -0.3766181170940399,
        0.0012958260485902429,
        -0.9263677000999451,
        7.999489784240723
      ],
      [
        -0.92636638879776,
        -0.0027104204054921865,
        0.3766137957572937,
        46.67496871948242
      ],
      [
        -0.0020228198263794184,
        0.9999954700469971,
        0.002221203176304698,
        2685.0
      ],
      [
        0.0,
        0.0,
        0.0,
        1.0
      ]
    ],
    "fx": 1037.3388671875,
    "fy": 1653.3502197265625,
    "k1": 0.0,
    "k2": 0.0,
    "p1": 0.0,
    "p2": 0.0,
    "k3": 0.0,
    "k4": 0.0,
    "k5": 0.0,
    "k6": 0.0
  },
  "53_12-JUNGFSHREK_3": {
    "_comment": "[8.065110206604004, 46.65837097167969, 1969.9998779296875",
    "cam_id": "53_12-JUNGFSHREK_3",
    "file_path": "./seasonScapes/data/2024-10-09/12-00-00/imagesPlane/53_12-JUNGFSHREK_3.jpg",
    "wid": 3072.0,
    "hei": 2048.0,    
    "cx": 1536.0,
    "cy": 1024.0,
    "transform_matrix": [
      [
        -0.7158219814300537,
        -0.032681260257959366,
        -0.6975175738334656,
        8.065110206604004
      ],
      [
        -0.6982825398445129,
        0.03259608522057533,
        0.7150797247886658,
        46.65837097167969
      ],
      [
        -0.0006333650671876967,
        0.9989341497421265,
        -0.04615374654531479,
        1969.9998779296875
      ],
      [
        0.0,
        0.0,
        0.0,
        1.0
      ]
    ],
    "fx": 1779.1748046875,
    "fy": 2222.277587890625,
    "k1": 0.0,
    "k2": 0.0,
    "p1": 0.0,
    "p2": 0.0,
    "k3": 0.0,
    "k4": 0.0,
    "k5": 0.0,
    "k6": 0.0
  },
"94_22-JUNGFEIG_2": {
    "_comment": "[7.9752092361450195, 46.57569885253906, 2349.0",
    "cam_id": "94_22-JUNGFEIG_2",
    "hei": 2048.0,
    "cx": 1536.0,
    "cy": 1024.0,
    "wid": 3072.0,
    "file_path": "./seasonScapes/data/2024-10-09/12-00-00/imagesPlane/94_22-JUNGFEIG_2.jpg",
    "transform_matrix": [
        [
          -0.4344962537288666,
          -0.036996517330408096,
          0.899913489818573,
          7.9752092361450195
        ],
        [
          0.9005566835403442,
          -0.0017424366669729352,
          0.43473517894744873,
          46.57569885253906
        ],
        [
          -0.014515645802021027,
          0.9993138909339905,
          0.03407454490661621,
          2349.0
        ],
        [
          0.0,
          0.0,
          0.0,
          1.0
        ]
    ],
    "fx": 829.6131591796875,
    "fy": 1291.373291015625,
    "k1": 0.0,
    "k2": 0.0,
    "p1": 0.0,
    "p2": 0.0,
    "k3": 0.0,
    "k4": 0.0,
    "k5": 0.0,
    "k6": 0.0
},
  "59_14-SCHYNIGE_0": {
        "tilt_angle": 0.061086523819801536,
        "camera_angle_hei": 0.9075712110370514,
        "nbr_frames": 5.0,
        "hei": 2048.0,
        "camera_angle_wid_img": 1.3703901500643016,
        "overlapPix_wid_img": 319.0,
        "degPerPix_wid_img": 0.025559105431309903,
        "camera_angle_wid_pano": 6.283185307179586,
        "cx": 1536.0,
        "cy": 1059.0,
        "wid": 3072.0,
        "file_path": "./seasonScapes/data/2024-10-09/12-00-00/imagesPlane/59_14-SCHYNIGE_0.jpg",
        "transform_matrix": [
            [
                0.8479142189025879,
                -0.04119029641151428,
                -0.5285308361053467,
                7.909273147583008
            ],
            [
                -0.530096709728241,
                -0.054140083491802216,
                -0.8462070226669312,
                46.650943756103516
            ],
            [
                0.006240814924240112,
                0.9976834058761597,
                -0.06774099171161652,
                1984.0
            ],
            [
                0.0,
                0.0,
                0.0,
                1.0
            ]
        ],
        "fx": 2217.18505859375,
        "fy": 2908.2373046875,
        "k1": 0.0,
        "k2": 0.0,
        "p1": 0.0,
        "p2": 0.0,
        "k3": 0.0,
        "k4": 0.0,
        "k5": 0.0,
        "k6": 0.0
    },
  "76_18-GRINDMEGI_0": {
    "_comment": "[8.02258014678955, 46.58341979980469, 3362.0",
    "cam_id": "76_18-GRINDMEGI_0",
    "file_path": "./seasonScapes/data/2024-10-09/12-00-00/imagesPlane/76_18-GRINDMEGI_0.jpg",
    "wid": 3072.0,
    "hei": 2048.0,    
    "cx": 1536.0,
    "cy": 1024.0,
    "transform_matrix": [
      [
        -0.0007627269951626658,
        -0.10651398450136185,
        0.9943109154701233,
        8.02258014678955
      ],
      [
        0.9999967217445374,
        0.0023441575467586517,
        0.0010182027472183108,
        46.58341979980469
      ],
      [
        -0.0024392742197960615,
        0.9943084120750427,
        0.10651185363531113,
        3362.0
      ],
      [
        0.0,
        0.0,
        0.0,
        1.0
      ]
    ],
    "fx": 752.2611083984375,
    "fy": 1540.4100341796875,
    "k1": 0.0,
    "k2": 0.0,
    "p1": 0.0,
    "p2": 0.0,
    "k3": 0.0,
    "k4": 0.0,
    "k5": 0.0,
    "k6": 0.0
  },
  "79_18-GRINDMEGI_3": {
    "_comment": "[8.02258014678955, 46.58341979980469, 3362.0",
    "cam_id": "79_18-GRINDMEGI_3",
    "file_path": "./seasonScapes/data/2024-10-09/12-00-00/imagesPlane/79_18-GRINDMEGI_3.jpg",
    "wid": 3072.0,
    "hei": 2048.0,    
    "cx": 1536.0,
    "cy": 1024.0,
    "transform_matrix": [
      [
        -0.9517658948898315,
        0.0054026017896831036,
        -0.30677762627601624,
        8.02258014678955
      ],
      [
        -0.3065164089202881,
        -0.06158819794654846,
        0.9498708248138428,
        46.58341979980469
      ],
      [
        -0.01376210805028677,
        0.9980870485305786,
        0.06027353182435036,
        3362.0
      ],
      [
        0.0,
        0.0,
        0.0,
        1.0
      ]
    ],
    "fx": 1533.167236328125,
    "fy": 2143.935791015625,
    "k1": 0.0,
    "k2": 0.0,
    "p1": 0.0,
    "p2": 0.0,
    "k3": 0.0,
    "k4": 0.0,
    "k5": 0.0,
    "k6": 0.0
  },
  "88_21-JUNGFLAUB_0": {
    "_comment": "[7.94704008102417, 46.58652114868164, 2324.0",
    "cam_id": "88_21-JUNGFLAUB_0",
    "file_path": "./seasonScapes/data/2024-10-09/12-00-00/imagesPlane/88_21-JUNGFLAUB_0.jpg",
    "wid": 3072.0,
    "hei": 2048.0,    
    "cx": 1536.0,
    "cy": 1024.0,
    "transform_matrix": [
      [
        0.9984092116355896,
        -8.196404087357223e-05,
        -0.056383244693279266,
        7.94704008102417
      ],
      [
        -0.0563170500099659,
        0.04701511189341545,
        -0.9973053336143494,
        46.58652114868164
      ],
      [
        0.0027326077688485384,
        0.9988941550254822,
        0.04693570360541344,
        2324.0
      ],
      [
        0.0,
        0.0,
        0.0,
        1.0
      ]
    ],
    "fx": 1498.548583984375,
    "fy": 1956.00341796875,
    "k1": 0.0,
    "k2": 0.0,
    "p1": 0.0,
    "p2": 0.0,
    "k3": 0.0,
    "k4": 0.0,
    "k5": 0.0,
    "k6": 0.0
  },
  "80_19-MANN_0": {
    "_comment": "[7.941999912261963, 46.61096954345703, 2243.0",
    "cam_id": "80_19-MANN_0",
    "file_path": "./seasonScapes/data/2024-10-09/12-00-00/imagesPlane/80_19-MANN_0.jpg",
    "wid": 3072.0,
    "hei": 2048.0,    
    "cx": 1536.0,
    "cy": 1024.0,
    "transform_matrix": [
      [
        0.42953717708587646,
        0.10402865707874298,
        -0.8970372676849365,
        7.942968845367432
      ],
      [
        -0.9020966291427612,
        0.09504138678312302,
        -0.4209379553794861,
        46.61112976074219
      ],
      [
        0.04146605357527733,
        0.9900228381156921,
        0.13466770946979523,
        2241.0
      ],
      [
        0.0,
        0.0,
        0.0,
        1.0
      ]
    ],
  "fx": 897.7161865234375,
  "fy": 1391.282470703125,
  "k1": 0.0,
  "k2": 0.0,
  "p1": 0.0,
  "p2": 0.0,
  "k3": 0.0,
  "k4": 0.0,
  "k5": 0.0,
  "k6": 0.0
},
  "85_20-WENGBELL_1": {
    "_comment": "[7.915970802307129, 46.60881042480469, 1252.0",
    "cam_id": "85_20-WENGBELL_1",
    "file_path": "./seasonScapes/data/2024-10-09/12-00-00/imagesPlane/85_20-WENGBELL_1.jpg",
    "wid": 3072.0,
    "hei": 2048.0,    
    "cx": 1536.0,
    "cy": 1024.0,
    "transform_matrix": [
      [
        -0.8618360757827759,
        -0.03455614671111107,
        -0.5060083270072937,
        7.915970802307129
      ],
      [
        -0.5034729242324829,
        -0.06222575157880783,
        0.8617673516273499,
        46.60881042480469
      ],
      [
        -0.061266105622053146,
        0.9974637031555176,
        0.036230310797691345,
        1252.0
      ],
      [
        0.0,
        0.0,
        0.0,
        1.0
      ]
    ],
    "fx": 1258.9254150390625,
    "fy": 1692.267822265625,
    "k1": 0.0,
    "k2": 0.0,
    "p1": 0.0,
    "p2": 0.0,
    "k3": 0.0,
    "k4": 0.0,
    "k5": 0.0,
    "k6": 0.0
  },
  "89_21-JUNGFLAUB_1": {
    "_comment": "[7.94704008102417, 46.58652114868164, 2324.0",
    "cam_id": "89_21-JUNGFLAUB_1",
    "file_path": "./seasonScapes/data/2024-10-09/12-00-00/imagesPlane/89_21-JUNGFLAUB_1.jpg",
    "wid": 3072.0,
    "hei": 2048.0,    
    "cx": 1536.0,
    "cy": 1024.0,    
    "transform_matrix": [
      [
        0.06128838658332825,
        0.10062235593795776,
        -0.9930351972579956,
        7.94704008102417
      ],
      [
        -0.9980627298355103,
        0.016845950856804848,
        -0.0598917081952095,
        46.58652114868164
      ],
      [
        0.010702176950871944,
        0.9947820901870728,
        0.10145988315343857,
        2324.0
      ],
      [
        0.0,
        0.0,
        0.0,
        1.0
      ]
    ],
  "fx": 678.4361572265625,
  "fy": 1187.924072265625,
  "k1": 0.0,
  "k2": 0.0,
  "p1": 0.0,
  "p2": 0.0,
  "k3": 0.0,
  "k4": 0.0,
  "k5": 0.0,
  "k6": 0.0
},
  "90_21-JUNGFLAUB_2": {
    "_comment": "[7.94704008102417, 46.58652114868164, 2324.0",
    "cam_id": "90_21-JUNGFLAUB_2",
    "file_path": "./seasonScapes/data/2024-10-09/12-00-00/imagesPlane/90_21-JUNGFLAUB_2.jpg",
    "wid": 3072.0,
    "hei": 2048.0,    
    "cx": 1536.0,
    "cy": 1024.0,
    "transform_matrix": [
      [
        -0.9843833446502686,
        0.02244158647954464,
        -0.1746019721031189,
        7.94704008102417
      ],
      [
        -0.17543339729309082,
        -0.042907726019620895,
        0.983555793762207,
        46.58652114868164
      ],
      [
        0.014580778777599335,
        0.9988269805908203,
        0.04617465287446976,
        2324.0
      ],
      [
        0.0,
        0.0,
        0.0,
        1.0
      ]
    ],
    "fx": 1387.54833984375,
    "fy": 1635.553955078125,
    "k1": 0.0,
    "k2": 0.0,
    "p1": 0.0,
    "p2": 0.0,
    "k3": 0.0,
    "k4": 0.0,
    "k5": 0.0,
    "k6": 0.0
  },
  "91_21-JUNGFLAUB_3": {
    "_comment": "[7.94704008102417, 46.58652114868164, 2324.0",
    "cam_id": "91_21-JUNGFLAUB_3",
    "file_path": "./seasonScapes/data/2024-10-09/12-00-00/imagesPlane/91_21-JUNGFLAUB_3.jpg",
    "wid": 3072.0,
    "hei": 2048.0,    
    "cx": 1536.0,
    "cy": 1024.0,
    "transform_matrix": [
      [
        -0.4123198390007019,
        -0.029980001971125603,
        0.9105457663536072,
        7.94704008102417
      ],
      [
        0.9110259413719177,
        -0.01895762048661709,
        0.41191309690475464,
        46.58652114868164
      ],
      [
        0.004912625066936016,
        0.9993706941604614,
        0.03512916341423988,
        2324.0
      ],
      [
        0.0,
        0.0,
        0.0,
        1.0
      ]
    ],
    "fx": 892.7946166992188,
    "fy": 1569.653564453125,
    "k1": 0.0,
    "k2": 0.0,
    "p1": 0.0,
    "p2": 0.0,
    "k3": 0.0,
    "k4": 0.0,
    "k5": 0.0,
    "k6": 0.0
  },
  "101_24-JUNGFJ_1": {
    "_comment": "[7.980860233306885, 46.54737854003906, 3483.0",
    "cam_id": "101_24-JUNGFJ_1",
    "file_path": "./seasonScapes/data/2024-10-09/12-00-00/imagesPlane/101_24-JUNGFJ_1.jpg",
    "wid": 3072.0,
    "hei": 2048.0,    
    "cx": 1536.0,
    "cy": 1024.0,
    "transform_matrix": [
      [
        0.8782278895378113,
        0.023885322734713554,
        0.47764554619789124,
        7.980860233306885
      ],
      [
        0.47715258598327637,
        0.02362426370382309,
        -0.8785029053688049,
        46.54737854003906
      ],
      [
        -0.03226735070347786,
        0.999435544013977,
        0.009350543841719627,
        3483.0
      ],
      [
        0.0,
        0.0,
        0.0,
        1.0
      ]
    ],
    "fx": 1771.673095703125,
    "fy": 1960.411865234375,
    "k1": 0.0,
    "k2": 0.0,
    "p1": 0.0,
    "p2": 0.0,
    "k3": 0.0,
    "k4": 0.0,
    "k5": 0.0,
    "k6": 0.0
  },
"104_25-JUNGFOST_0": {
        "tilt_angle": -0.054105206811824215,
        "camera_angle_hei": 0.8185594191853405,
        "nbr_frames": 4.0,
        "hei": 2048.0,
        "camera_angle_wid_img": 1.0141837570226822,
        "overlapPix_wid_img": 925.0,
        "degPerPix_wid_img": 0.018915510718789406,
        "camera_angle_wid_pano": 3.141592653589793,
        "cx": 1536.0,
        "cy": 955.0,
        "wid": 3072.0,
        "file_path": "./seasonScapes/data/2024-10-09/12-00-00/imagesPlane/104_25-JUNGFOST_0.jpg",
        "transform_matrix": [
            [
              -0.680980384349823,
              -0.05493658781051636,
              0.7302380800247192,
              7.97150993347168
            ],
            [
              0.7317054867744446,
              -0.010814795270562172,
              0.6815351247787476,
              46.54541015625
            ],
            [
              -0.029543839395046234,
              0.9984312653541565,
              0.04756206274032593,
              3697.0
            ],
            [
              0.0,
              0.0,
              0.0,
              1.0
            ]
          ],
        "fx": 2248.24755859375,
        "fy": 2525.358642578125,
        "k1": 0.0,
        "k2": 0.0,
        "p1": 0.0,
        "p2": 0.0,
        "k3": 0.0,
        "k4": 0.0,
        "k5": 0.0,
        "k6": 0.0
    },
    "105_25-JUNGFOST_1": {
        "tilt_angle": -0.054105206811824215,
        "camera_angle_hei": 0.8185594191853405,
        "nbr_frames": 4.0,
        "hei": 2048.0,
        "camera_angle_wid_img": 1.0141837570226822,
        "overlapPix_wid_img": 925.0,
        "degPerPix_wid_img": 0.018915510718789406,
        "camera_angle_wid_pano": 3.141592653589793,
        "cx": 1536.0,
        "cy": 955.0,
        "wid": 3072.0,
        "file_path": "./seasonScapes/data/2024-10-09/12-00-00/imagesPlane/105_25-JUNGFOST_1.jpg",
        "transform_matrix": [
            [
              0.3323131799697876,
              -0.0401497557759285,
              0.9423141479492188,
              7.97150993347168
            ],
            [
              0.943117618560791,
              0.003705475013703108,
              -0.3324386477470398,
              46.54541015625
            ],
            [
              0.009855608455836773,
              0.9991868138313293,
              0.039097320288419724,
              3697.0
            ],
            [
              0.0,
              0.0,
              0.0,
              1.0
            ]
          ],
        "fx": 1557.9825439453125,
        "fy": 2031.706787109375,
        "k1": 0.0,
        "k2": 0.0,
        "p1": 0.0,
        "p2": 0.0,
        "k3": 0.0,
        "k4": 0.0,
        "k5": 0.0,
        "k6": 0.0
    },
    "114_27-SCHILTALL_2": {
    "_comment": "[7.887600898742676, 46.56412887573242, 1932.0",
    "cam_id": "114_27-SCHILTALL_2",
      "hei": 2048.0,
      "cx": 1536.0,
      "cy": 1024.0,
      "wid": 3072.0,
      "file_path": "./seasonScapes/data/2024-10-09/12-00-00/imagesPlane/114_27-SCHILTALL_2.jpg",
      "transform_matrix": [
          [
              0.9989957809448242,
              0.019872810691595078,
              0.040155477821826935,
              7.887600898742676
          ],
          [
              0.03995012119412422,
              0.01062494982033968,
              -0.9991452097892761,
              46.56412887573242
          ],
          [
              -0.020282473415136337,
              0.9997460842132568,
              0.009820358827710152,
              1932.0
          ],
          [
              0.0,
              0.0,
              0.0,
              1.0
          ]
      ],
      "fx": 3053.27490234375,
      "fy": 3323.53076171875,
      "k1": 0.0,
      "k2": 0.0,
      "p1": 0.0,
      "p2": 0.0,
      "k3": 0.0,
      "k4": 0.0,
      "k5": 0.0,
      "k6": 0.0
  },
  "118_28-SCHILTBIR_0": {
    "_comment": "[7.858230113983154, 46.56235122680664, 2690.0",
    "cam_id": "118_28-SCHILTBIR_0",
    "file_path": "./seasonScapes/data/2024-10-09/12-00-00/imagesPlane/118_28-SCHILTBIR_0.jpg",
    "wid": 3072.0,
    "hei": 2048.0,    
    "cx": 1536.0,
    "cy": 1024.0,
    "transform_matrix": [
      [
        0.9998092651367188,
        -0.0174831822514534,
        0.008704030886292458,
        7.858230113983154
      ],
      [
        0.008326980285346508,
        -0.021524712443351746,
        -0.9997336268424988,
        46.56235122680664
      ],
      [
        0.01766587793827057,
        0.9996154308319092,
        -0.021375024691224098,
        2690.0
      ],
      [
        0.0,
        0.0,
        0.0,
        1.0
      ]
    ],
    "fx": 1747.4482421875,
    "fy": 2280.01708984375,
    "k1": 0.0,
    "k2": 0.0,
    "p1": 0.0,
    "p2": 0.0,
    "k3": 0.0,
    "k4": 0.0,
    "k5": 0.0,
    "k6": 0.0
  }
}