{
  "wayp_0": {
    "cam_id": "wayp_0",
    "file_path": "./images/wayp_0_inpaint_0.png",
    "mask_path": "./mask/wayp_0_GSmask.png",
    "depth_path": "./depth/wayp_0_depth.png",
    "wid": 3072,
    "hei": 2048,
    "cx": 1536.0,
    "cy": 1024.0,
    "fx": 834.744384765625,
    "fy": 1440.4599609375,
    "k1": 0.0,
    "k2": 0.0,
    "p1": 0.0,
    "p2": 0.0,
    "k3": 0.0,
    "k4": 0.0,
    "k5": 0.0,
    "k6": 0.0,
    "transform_matrix": [
      [
        0.09450396699475933,
        -0.13407721901927933,
        -0.9864544082532705,
        414.2227037217882
      ],
      [
        -0.9951208349004921,
        0.015491883740824275,
        -0.09743985573218156,
        828.5699440002448
      ],
      [
        0.028346501886493958,
        0.9908497872423534,
        -0.13195898966187192,
        18.75
      ],
      [
        0.0,
        0.0,
        0.0,
        1.0
      ]
    ]
  },
  "wayp_1": {
    "cam_id": "wayp_1",
    "file_path": "./images/wayp_1_inpaint_0.png",
    "mask_path": "./mask/wayp_1_GSmask.png",
    "depth_path": "./depth/wayp_1_depth.png",
    "wid": 3072,
    "hei": 2048,
    "cx": 1536.0,
    "cy": 1024.0,
    "fx": 842.0696434005947,
    "fy": 1477.3936616695687,
    "k1": 0.0,
    "k2": 0.0,
    "p1": 0.0,
    "p2": 0.0,
    "k3": 0.0,
    "k4": 0.0,
    "k5": 0.0,
    "k6": 0.0,
    "transform_matrix": [
      [
        0.07921567114061928,
        -0.1362508447413479,
        -0.9875021948092116,
        415.60433852729665
      ],
      [
        -0.9965376128343826,
        0.014270123225845144,
        -0.08190939988468388,
        827.9589947236725
      ],
      [
        0.02525200293226504,
        0.990571587968476,
        -0.1346486741766163,
        18.43063773833005
      ],
      [
        0.0,
        0.0,
        0.0,
        1.0
      ]
    ]
  },
  "wayp_2": {
    "cam_id": "wayp_2",
    "file_path": "./images/wayp_2_inpaint_0.png",
    "mask_path": "./mask/wayp_2_GSmask.png",
    "depth_path": "./depth/wayp_2_depth.png",
    "wid": 3072,
    "hei": 2048,
    "cx": 1536.0,
    "cy": 1024.0,
    "fx": 849.0484428932446,
    "fy": 1512.4854477099257,
    "k1": 0.0,
    "k2": 0.0,
    "p1": 0.0,
    "p2": 0.0,
    "k3": 0.0,
    "k4": 0.0,
    "k5": 0.0,
    "k6": 0.0,
    "transform_matrix": [
      [
        0.06391513303718366,
        -0.1384421999427149,
        -0.9883059308958237,
        416.85707728429975
      ],
      [
        -0.9977102445906872,
        0.013082665384036907,
        -0.06635594702240832,
        827.2428323863195
      ],
      [
        0.022116139076033603,
        0.9902841012262446,
        -0.13728902086801734,
        18.143491124260358
      ],
      [
        0.0,
        0.0,
        0.0,
        1.0
      ]
    ]
  },
  "wayp_3": {
    "cam_id": "wayp_3",
    "file_path": "./images/wayp_3_inpaint_0.png",
    "mask_path": "./mask/wayp_3_GSmask.png",
    "depth_path": "./depth/wayp_3_depth.png",
    "wid": 3072,
    "hei": 2048,
    "cx": 1536.0,
    "cy": 1024.0,
    "fx": 855.6807832435743,
    "fy": 1545.7353190585704,
    "k1": 0.0,
    "k2": 0.0,
    "p1": 0.0,
    "p2": 0.0,
    "k3": 0.0,
    "k4": 0.0,
    "k5": 0.0,
    "k6": 0.0,
    "transform_matrix": [
      [
        0.04860618651912632,
        -0.14065073553853696,
        -0.9888654151220664,
        417.9809199928239
      ],
      [
        -0.9986384363446876,
        0.011929807755069272,
        -0.0507833943525301,
        826.4214569881824
      ],
      [
        0.018939696066870015,
        0.989987399050814,
        -0.13987936814805438,
        17.888560157790927
      ],
      [
        0.0,
        0.0,
        0.0,
        1.0
      ]
    ]
  },
  "wayp_4": {
    "cam_id": "wayp_4",
    "file_path": "./images/wayp_4_inpaint_0.png",
    "mask_path": "./mask/wayp_4_GSmask.png",
    "depth_path": "./depth/wayp_4_depth.png",
    "wid": 3072,
    "hei": 2048,
    "cx": 1536.0,
    "cy": 1024.0,
    "fx": 861.9666644515842,
    "fy": 1577.1432757155037,
    "k1": 0.0,
    "k2": 0.0,
    "p1": 0.0,
    "p2": 0.0,
    "k3": 0.0,
    "k4": 0.0,
    "k5": 0.0,
    "k6": 0.0,
    "transform_matrix": [
      [
        0.03329266752800636,
        -0.142875898139104,
        -0.989180507298751,
        418.9758666528558
      ],
      [
        -0.9993219555206598,
        0.010811839208883678,
        -0.03519564386803736,
        825.4948685292649
      ],
      [
        0.01572346982170597,
        0.9896815557864387,
        -0.14241906695699239,
        17.66584483892176
      ],
      [
        0.0,
        0.0,
        0.0,
        1.0
      ]
    ]
  },
  "wayp_5": {
    "cam_id": "wayp_5",
    "file_path": "./images/wayp_5_inpaint_0.png",
    "mask_path": "./mask/wayp_5_GSmask.png",
    "depth_path": "./depth/wayp_5_depth.png",
    "wid": 3072,
    "hei": 2048,
    "cx": 1536.0,
    "cy": 1024.0,
    "fx": 867.9060865172738,
    "fy": 1606.709317680725,
    "k1": 0.0,
    "k2": 0.0,
    "p1": 0.0,
    "p2": 0.0,
    "k3": 0.0,
    "k4": 0.0,
    "k5": 0.0,
    "k6": 0.0,
    "transform_matrix": [
      [
        0.01797841315110052,
        -0.14511713018850086,
        -0.9892511284736665,
        419.84191726438235
      ],
      [
        -0.9997606308501494,
        0.009729039873312889,
        -0.019596601370012623,
        824.4630670095634
      ],
      [
        0.012468266225904412,
        0.9893666480678422,
        -0.1449074809260129,
        17.475345167652858
      ],
      [
        0.0,
        0.0,
        0.0,
        1.0
      ]
    ]
  },
  "wayp_6": {
    "cam_id": "wayp_6",
    "file_path": "./images/wayp_6_inpaint_0.png",
    "mask_path": "./mask/wayp_6_GSmask.png",
    "depth_path": "./depth/wayp_6_depth.png",
    "wid": 3072,
    "hei": 2048,
    "cx": 1536.0,
    "cy": 1024.0,
    "fx": 873.4990494406435,
    "fy": 1634.4334449542346,
    "k1": 0.0,
    "k2": 0.0,
    "p1": 0.0,
    "p2": 0.0,
    "k3": 0.0,
    "k4": 0.0,
    "k5": 0.0,
    "k6": 0.0,
    "transform_matrix": [
      [
        0.0026672606599509874,
        -0.1473738701043118,
        -0.9890772609513624,
        420.57907182742997
      ],
      [
        -0.9999543524148852,
        0.008681681063888946,
        -0.003990175488963799,
        823.326052429078
      ],
      [
        0.009174900931328556,
        0.9890427548010159,
        -0.1473439865366685,
        17.317061143984223
      ],
      [
        0.0,
        0.0,
        0.0,
        1.0
      ]
    ]
  },
  "wayp_7": {
    "cam_id": "wayp_7",
    "file_path": "./images/wayp_7_inpaint_0.png",
    "mask_path": "./mask/wayp_7_GSmask.png",
    "depth_path": "./depth/wayp_7_depth.png",
    "wid": 3072,
    "hei": 2048,
    "cx": 1536.0,
    "cy": 1024.0,
    "fx": 878.7455532216932,
    "fy": 1660.315657536032,
    "k1": 0.0,
    "k2": 0.0,
    "p1": 0.0,
    "p2": 0.0,
    "k3": 0.0,
    "k4": 0.0,
    "k5": 0.0,
    "k6": 0.0,
    "transform_matrix": [
      [
        -0.012636953451136246,
        -0.14964555241833727,
        -0.9886589482975842,
        421.18733034197214
      ],
      [
        -0.9999030716743231,
        0.007670025215860687,
        0.011619723294557849,
        822.083824787812
      ],
      [
        0.005844199151966434,
        0.9887099571434483,
        -0.1497279732771182,
        17.190992767915848
      ],
      [
        0.0,
        0.0,
        0.0,
        1.0
      ]
    ]
  },
  "wayp_8": {
    "cam_id": "wayp_8",
    "file_path": "./images/wayp_8_inpaint_0.png",
    "mask_path": "./mask/wayp_8_GSmask.png",
    "depth_path": "./depth/wayp_8_depth.png",
    "wid": 3072,
    "hei": 2048,
    "cx": 1536.0,
    "cy": 1024.0,
    "fx": 883.6455978604229,
    "fy": 1684.3559554261178,
    "k1": 0.0,
    "k2": 0.0,
    "p1": 0.0,
    "p2": 0.0,
    "k3": 0.0,
    "k4": 0.0,
    "k5": 0.0,
    "k6": 0.0,
    "transform_matrix": [
      [
        -0.027930394426394584,
        -0.15193160791828048,
        -0.987996295328354,
        421.66669280802216
      ],
      [
        -0.9996068014778068,
        0.006694325818434627,
        0.02722918362980037,
        820.7363840857654
      ],
      [
        0.0024769954571566277,
        0.9883683384837874,
        -0.15205884379510023,
        17.09714003944773
      ],
      [
        0.0,
        0.0,
        0.0,
        1.0
      ]
    ]
  },
  "wayp_9": {
    "cam_id": "wayp_9",
    "file_path": "./images/wayp_9_inpaint_0.png",
    "mask_path": "./mask/wayp_9_GSmask.png",
    "depth_path": "./depth/wayp_9_depth.png",
    "wid": 3072,
    "hei": 2048,
    "cx": 1536.0,
    "cy": 1024.0,
    "fx": 888.1991833568325,
    "fy": 1706.5543386244915,
    "k1": 0.0,
    "k2": 0.0,
    "p1": 0.0,
    "p2": 0.0,
    "k3": 0.0,
    "k4": 0.0,
    "k5": 0.0,
    "k6": 0.0,
    "transform_matrix": [
      [
        -0.0432092302094681,
        -0.15423146379037694,
        -0.9870894680837108,
        422.0171592255932
      ],
      [
        -0.9990656160613502,
        0.0057548273512599835,
        0.0428342942758736,
        819.2837303229348
      ],
      [
        -0.0009258664375269565,
        0.9880179844209492,
        -0.15433601404761296,
        17.03550295857988
      ],
      [
        0.0,
        0.0,
        0.0,
        1.0
      ]
    ]
  },
  "wayp_10": {
    "cam_id": "wayp_10",
    "file_path": "./images/wayp_10_inpaint_0.png",
    "mask_path": "./mask/wayp_10_GSmask.png",
    "depth_path": "./depth/wayp_10_depth.png",
    "wid": 3072,
    "hei": 2048,
    "cx": 1536.0,
    "cy": 1024.0,
    "fx": 892.4063097109221,
    "fy": 1726.9108071311534,
    "k1": 0.0,
    "k2": 0.0,
    "p1": 0.0,
    "p2": 0.0,
    "k3": 0.0,
    "k4": 0.0,
    "k5": 0.0,
    "k6": 0.0,
    "transform_matrix": [
      [
        -0.058469632403602645,
        -0.1565445437629207,
        -0.9859386937861032,
        422.23872959465893
      ],
      [
        -0.9982796510290348,
        0.00485176522316802,
        0.058431145081782265,
        817.7258634993203
      ],
      [
        -0.004363533881685588,
        0.9876589827426665,
        -0.1565589134472552,
        17.006081525312293
      ],
      [
        0.0,
        0.0,
        0.0,
        1.0
      ]
    ]
  },
  "wayp_11": {
    "cam_id": "wayp_11",
    "file_path": "./images/wayp_11_inpaint_0.png",
    "mask_path": "./mask/wayp_11_GSmask.png",
    "depth_path": "./depth/wayp_11_depth.png",
    "wid": 3072,
    "hei": 2048,
    "cx": 1536.0,
    "cy": 1024.0,
    "fx": 896.2669769226917,
    "fy": 1745.4253609461034,
    "k1": 0.0,
    "k2": 0.0,
    "p1": 0.0,
    "p2": 0.0,
    "k3": 0.0,
    "k4": 0.0,
    "k5": 0.0,
    "k6": 0.0,
    "transform_matrix": [
      [
        -0.07370777723092353,
        -0.15887026825066197,
        -0.9845442607834547,
        422.33140391524563
      ],
      [
        -0.9972491033190312,
        0.003985365713187361,
        0.0740158279661885,
        816.0627836149254
      ],
      [
        -0.007835145503741425,
        0.9872914234034929,
        -0.158726985005198,
        17.00887573964497
      ],
      [
        0.0,
        0.0,
        0.0,
        1.0
      ]
    ]
  },
  "wayp_12": {
    "cam_id": "wayp_12",
    "file_path": "./images/wayp_12_inpaint_0.png",
    "mask_path": "./mask/wayp_12_GSmask.png",
    "depth_path": "./depth/wayp_12_depth.png",
    "wid": 3072,
    "hei": 2048,
    "cx": 1536.0,
    "cy": 1024.0,
    "fx": 899.7811849921413,
    "fy": 1762.0980000693417,
    "k1": 0.0,
    "k2": 0.0,
    "p1": 0.0,
    "p2": 0.0,
    "k3": 0.0,
    "k4": 0.0,
    "k5": 0.0,
    "k6": 0.0,
    "transform_matrix": [
      [
        -0.08891984649055407,
        -0.16120805450003206,
        -0.9829065184769158,
        422.2951821873401
      ],
      [
        -0.995974231154255,
        0.003155845913845212,
        0.08958443789665338,
        814.2944906697463
      ],
      [
        -0.011339831426771307,
        0.9869153985022644,
        -0.16083968547074956,
        17.04388560157791
      ],
      [
        0.0,
        0.0,
        0.0,
        1.0
      ]
    ]
  },
  "wayp_13": {
    "cam_id": "wayp_13",
    "file_path": "./images/wayp_13_inpaint_0.png",
    "mask_path": "./mask/wayp_13_GSmask.png",
    "depth_path": "./depth/wayp_13_depth.png",
    "wid": 3072,
    "hei": 2048,
    "cx": 1536.0,
    "cy": 1024.0,
    "fx": 902.9489339192709,
    "fy": 1776.928724500868,
    "k1": 0.0,
    "k2": 0.0,
    "p1": 0.0,
    "p2": 0.0,
    "k3": 0.0,
    "k4": 0.0,
    "k5": 0.0,
    "k6": 0.0,
    "transform_matrix": [
      [
        -0.10410202851533573,
        -0.16355731673516277,
        -0.9810258772333105,
        422.13006441092926
      ],
      [
        -0.9944553539776606,
        0.0023634136767709812,
        0.10513307386811593,
        812.4209846637867
      ],
      [
        -0.01487671348646924,
        0.9865310022590199,
        -0.16289648546747532,
        17.11111111111111
      ],
      [
        0.0,
        0.0,
        0.0,
        1.0
      ]
    ]
  },
  "wayp_14": {
    "cam_id": "wayp_14",
    "file_path": "./images/wayp_14_inpaint_0.png",
    "mask_path": "./mask/wayp_14_GSmask.png",
    "depth_path": "./depth/wayp_14_depth.png",
    "wid": 3072,
    "hei": 2048,
    "cx": 1536.0,
    "cy": 1024.0,
    "fx": 905.7702237040803,
    "fy": 1789.9175342406825,
    "k1": 0.0,
    "k2": 0.0,
    "p1": 0.0,
    "p2": 0.0,
    "k3": 0.0,
    "k4": 0.0,
    "k5": 0.0,
    "k6": 0.0,
    "transform_matrix": [
      [
        -0.11925051912691365,
        -0.16591746630466508,
        -0.9789028082823146,
        421.83605058602626
      ],
      [
        -0.992692852372202,
        0.0016082675606138574,
        0.12065783988036244,
        810.442265597043
      ],
      [
        -0.018444905451189486,
        0.9861383309913949,
        -0.16489686962584482,
        17.210552268244573
      ],
      [
        0.0,
        0.0,
        0.0,
        1.0
      ]
    ]
  },
  "wayp_15": {
    "cam_id": "wayp_15",
    "file_path": "./images/wayp_15_inpaint_0.png",
    "mask_path": "./mask/wayp_15_GSmask.png",
    "depth_path": "./depth/wayp_15_depth.png",
    "wid": 3072,
    "hei": 2048,
    "cx": 1536.0,
    "cy": 1024.0,
    "fx": 908.24505434657,
    "fy": 1801.064429288785,
    "k1": 0.0,
    "k2": 0.0,
    "p1": 0.0,
    "p2": 0.0,
    "k3": 0.0,
    "k4": 0.0,
    "k5": 0.0,
    "k6": 0.0,
    "transform_matrix": [
      [
        -0.13436152258894332,
        -0.16828791182912528,
        -0.9765378435983798,
        421.41314071264424
      ],
      [
        -0.9906871679654695,
        0.0008905967812924409,
        0.1361548459142417,
        808.3583334695189
      ],
      [
        -0.022043513244005053,
        0.9857374830904859,
        -0.166840336712366,
        17.342209072978303
      ],
      [
        0.0,
        0.0,
        0.0,
        1.0
      ]
    ]
  },
  "wayp_16": {
    "cam_id": "wayp_16",
    "file_path": "./images/wayp_16_inpaint_0.png",
    "mask_path": "./mask/wayp_16_GSmask.png",
    "depth_path": "./depth/wayp_16_depth.png",
    "wid": 3072,
    "hei": 2048,
    "cx": 1536.0,
    "cy": 1024.0,
    "fx": 910.3734258467393,
    "fy": 1810.369409645176,
    "k1": 0.0,
    "k2": 0.0,
    "p1": 0.0,
    "p2": 0.0,
    "k3": 0.0,
    "k4": 0.0,
    "k5": 0.0,
    "k6": 0.0,
    "transform_matrix": [
      [
        -0.1494312525581841,
        -0.17066805934928547,
        -0.9739315757674363,
        420.86133479075687
      ],
      [
        -0.9884388033190312,
        0.000210581164581225,
        0.15162020890638228,
        806.1691882812107
      ],
      [
        -0.025671635166737983,
        0.9853285589961971,
        -0.16872639975517764,
        17.506081525312297
      ],
      [
        0.0,
        0.0,
        0.0,
        1.0
      ]
    ]
  },
  "wayp_17": {
    "cam_id": "wayp_17",
    "file_path": "./images/wayp_17_inpaint_0.png",
    "mask_path": "./mask/wayp_17_GSmask.png",
    "depth_path": "./depth/wayp_17_depth.png",
    "wid": 3072,
    "hei": 2048,
    "cx": 1536.0,
    "cy": 1024.0,
    "fx": 912.1553382045889,
    "fy": 1817.832475309855,
    "k1": 0.0,
    "k2": 0.0,
    "p1": 0.0,
    "p2": 0.0,
    "k3": 0.0,
    "k4": 0.0,
    "k5": 0.0,
    "k6": 0.0,
    "transform_matrix": [
      [
        -0.16445593303323652,
        -0.17305731247487377,
        -0.97108465783841,
        420.18063282039054
      ],
      [
        -0.9859483218025071,
        -0.000431608898947361,
        0.16705005372216547,
        803.8748300321222
      ],
      [
        -0.02932836212589557,
        0.984911661172073,
        -0.17055458616607194,
        17.702169625246547
      ],
      [
        0.0,
        0.0,
        0.0,
        1.0
      ]
    ]
  },
  "wayp_18": {
    "cam_id": "wayp_18",
    "file_path": "./images/wayp_18_inpaint_0.png",
    "mask_path": "./mask/wayp_18_GSmask.png",
    "depth_path": "./depth/wayp_18_depth.png",
    "wid": 3072,
    "hei": 2048,
    "cx": 1536.0,
    "cy": 1024.0,
    "fx": 913.5907914201183,
    "fy": 1823.4536262828215,
    "k1": 0.0,
    "k2": 0.0,
    "p1": 0.0,
    "p2": 0.0,
    "k3": 0.0,
    "k4": 0.0,
    "k5": 0.0,
    "k6": 0.0,
    "transform_matrix": [
      [
        -0.17943179930069128,
        -0.17545507253403814,
        -0.9679978031595899,
        419.37103480151876
      ],
      [
        -0.9832163474524073,
        -0.0010358124966168836,
        0.1824405141267133,
        801.4752587222495
      ],
      [
        -0.03301277786046003,
        0.9844868940796254,
        -0.17232443785890808,
        17.930473372781066
      ],
      [
        0.0,
        0.0,
        0.0,
        1.0
      ]
    ]
  },
  "wayp_19": {
    "cam_id": "wayp_19",
    "file_path": "./images/wayp_19_inpaint_0.png",
    "mask_path": "./mask/wayp_19_GSmask.png",
    "depth_path": "./depth/wayp_19_depth.png",
    "wid": 3072,
    "hei": 2048,
    "cx": 1536.0,
    "cy": 1024.0,
    "fx": 914.6797854933277,
    "fy": 1827.2328625640769,
    "k1": 0.0,
    "k2": 0.0,
    "p1": 0.0,
    "p2": 0.0,
    "k3": 0.0,
    "k4": 0.0,
    "k5": 0.0,
    "k6": 0.0,
    "transform_matrix": [
      [
        -0.1943550988784469,
        -0.17786073872335662,
        -0.9646717851998841,
        418.4325407341549
      ],
      [
        -0.9802435648157661,
        -0.0016018782339672633,
        0.19778773375364467,
        798.9704743515929
      ],
      [
        -0.03672395917147586,
        0.9840543641521569,
        -0.17403551136439468,
        18.19099276791584
      ],
      [
        0.0,
        0.0,
        0.0,
        1.0
      ]
    ]
  },
  "wayp_20": {
    "cam_id": "wayp_20",
    "file_path": "./images/wayp_20_inpaint_0.png",
    "mask_path": "./mask/wayp_20_GSmask.png",
    "depth_path": "./depth/wayp_20_depth.png",
    "wid": 3072,
    "hei": 2048,
    "cx": 1536.0,
    "cy": 1024.0,
    "fx": 915.4223204242172,
    "fy": 1829.1701841536203,
    "k1": 0.0,
    "k2": 0.0,
    "p1": 0.0,
    "p2": 0.0,
    "k3": 0.0,
    "k4": 0.0,
    "k5": 0.0,
    "k6": 0.0,
    "transform_matrix": [
      [
        -0.19163867112113245,
        -0.17504053759151816,
        -0.9657305162055296,
        417.3651506182988
      ],
      [
        -0.9807706736725886,
        -0.0028660081938505777,
        0.19514269563796027,
        796.360476920159
      ],
      [
        -0.03692567392402313,
        0.9845570558361283,
        -0.17112538797195345,
        18.483727810650887
      ],
      [
        0.0,
        0.0,
        0.0,
        1.0
      ]
    ]
  },
  "wayp_21": {
    "cam_id": "wayp_21",
    "file_path": "./images/wayp_21_inpaint_0.png",
    "mask_path": "./mask/wayp_21_GSmask.png",
    "depth_path": "./depth/wayp_21_depth.png",
    "wid": 3072,
    "hei": 2048,
    "cx": 1536.0,
    "cy": 1024.0,
    "fx": 915.8183962127866,
    "fy": 1829.2655910514516,
    "k1": 0.0,
    "k2": 0.0,
    "p1": 0.0,
    "p2": 0.0,
    "k3": 0.0,
    "k4": 0.0,
    "k5": 0.0,
    "k6": 0.0,
    "transform_matrix": [
      [
        -0.17124083398261195,
        -0.1669499763629202,
        -0.9709810925910762,
        416.16886445395056
      ],
      [
        -0.9846520823428663,
        -0.00472757211903041,
        0.17446468639732493,
        793.6452664279379
      ],
      [
        -0.033717258411636974,
        0.9859540331345473,
        -0.16357808848046593,
        18.808678500986193
      ],
      [
        0.0,
        0.0,
        0.0,
        1.0
      ]
    ]
  },
  "wayp_22": {
    "cam_id": "wayp_22",
    "file_path": "./images/wayp_22_inpaint_0.png",
    "mask_path": "./mask/wayp_22_GSmask.png",
    "depth_path": "./depth/wayp_22_depth.png",
    "wid": 3072,
    "hei": 2048,
    "cx": 1536.0,
    "cy": 1024.0,
    "fx": 915.868012859036,
    "fy": 1827.519083257571,
    "k1": 0.0,
    "k2": 0.0,
    "p1": 0.0,
    "p2": 0.0,
    "k3": 0.0,
    "k4": 0.0,
    "k5": 0.0,
    "k6": 0.0,
    "transform_matrix": [
      [
        -0.15074044903122574,
        -0.15881095155297192,
        -0.9757337744962526,
        414.8436822411233
      ],
      [
        -0.9880975414011852,
        -0.006415919928502434,
        0.153694777557353,
        790.8248428749363
      ],
      [
        -0.030668643641309,
        0.9872881634245956,
        -0.1559535721261034,
        19.16584483892176
      ],
      [
        0.0,
        0.0,
        0.0,
        1.0
      ]
    ]
  },
  "wayp_23": {
    "cam_id": "wayp_23",
    "file_path": "./images/wayp_23_inpaint_0.png",
    "mask_path": "./mask/wayp_23_GSmask.png",
    "depth_path": "./depth/wayp_23_depth.png",
    "wid": 3072,
    "hei": 2048,
    "cx": 1536.0,
    "cy": 1024.0,
    "fx": 915.5711703629654,
    "fy": 1823.9306607719786,
    "k1": 0.0,
    "k2": 0.0,
    "p1": 0.0,
    "p2": 0.0,
    "k3": 0.0,
    "k4": 0.0,
    "k5": 0.0,
    "k6": 0.0,
    "transform_matrix": [
      [
        -0.13014801672321155,
        -0.1506276320333329,
        -0.9799861275605108,
        413.3896039797907
      ],
      [
        -0.9911052860566822,
        -0.007930186837417419,
        0.13284360762650899,
        787.8992062611505
      ],
      [
        -0.027781391137178313,
        0.9885587633543869,
        -0.14825574424530266,
        19.55522682445759
      ],
      [
        0.0,
        0.0,
        0.0,
        1.0
      ]
    ]
  },
  "wayp_24": {
    "cam_id": "wayp_24",
    "file_path": "./images/wayp_24_inpaint_0.png",
    "mask_path": "./mask/wayp_24_GSmask.png",
    "depth_path": "./depth/wayp_24_depth.png",
    "wid": 3072,
    "hei": 2048,
    "cx": 1536.0,
    "cy": 1024.0,
    "fx": 914.9278687245748,
    "fy": 1818.5003235946747,
    "k1": 0.0,
    "k2": 0.0,
    "p1": 0.0,
    "p2": 0.0,
    "k3": 0.0,
    "k4": 0.0,
    "k5": 0.0,
    "k6": 0.0,
    "transform_matrix": [
      [
        -0.1094740846621764,
        -0.14240420936375664,
        -0.9837359736956162,
        411.8066296699659
      ],
      [
        -0.9936737757192072,
        -0.009269597226515713,
        0.11192185673581828,
        784.8683565865844
      ],
      [
        -0.025056979772380472,
        0.9897651821127786,
        -0.14048854772523262,
        19.97682445759369
      ],
      [
        0.0,
        0.0,
        0.0,
        1.0
      ]
    ]
  },
  "wayp_25": {
    "cam_id": "wayp_25",
    "file_path": "./images/wayp_25_inpaint_0.png",
    "mask_path": "./mask/wayp_25_GSmask.png",
    "depth_path": "./depth/wayp_25_depth.png",
    "wid": 3072,
    "hei": 2048,
    "cx": 1536.0,
    "cy": 1024.0,
    "fx": 913.938107943864,
    "fy": 1811.2280717256585,
    "k1": 0.0,
    "k2": 0.0,
    "p1": 0.0,
    "p2": 0.0,
    "k3": 0.0,
    "k4": 0.0,
    "k5": 0.0,
    "k6": 0.0,
    "transform_matrix": [
      [
        -0.088729242196534,
        -0.13414489564514093,
        -0.9869813922012831,
        410.09475931166213
      ],
      [
        -0.9958016947884256,
        -0.010433465039403261,
        0.09094024116842164,
        781.7322938512342
      ],
      [
        -0.022496805011555487,
        0.9909068017627216,
        -0.1326559609842176,
        20.430637738330045
      ],
      [
        0.0,
        0.0,
        0.0,
        1.0
      ]
    ]
  },
  "wayp_26": {
    "cam_id": "wayp_26",
    "file_path": "./images/wayp_26_inpaint_0.png",
    "mask_path": "./mask/wayp_26_GSmask.png",
    "depth_path": "./depth/wayp_26_depth.png",
    "wid": 3072,
    "hei": 2048,
    "cx": 1536.0,
    "cy": 1024.0,
    "fx": 912.6018880208334,
    "fy": 1802.1139051649307,
    "k1": 0.0,
    "k2": 0.0,
    "p1": 0.0,
    "p2": 0.0,
    "k3": 0.0,
    "k4": 0.0,
    "k5": 0.0,
    "k6": 0.0,
    "transform_matrix": [
      [
        -0.06792411499555703,
        -0.1258539213620578,
        -0.9897207207489715,
        408.25399290485296
      ],
      [
        -0.9974879533276799,
        -0.01142119413395526,
        0.06990950787061173,
        778.4910180551033
      ],
      [
        -0.020102178196080234,
        0.9919830375577738,
        -0.1247619959339604,
        20.916666666666668
      ],
      [
        0.0,
        0.0,
        0.0,
        1.0
      ]
    ]
  },
  "wayp_27": {
    "cam_id": "wayp_27",
    "file_path": "./images/wayp_27_inpaint_0.png",
    "mask_path": "./mask/wayp_27_GSmask.png",
    "depth_path": "./depth/wayp_27_depth.png",
    "wid": 3072,
    "hei": 2048,
    "cx": 1536.0,
    "cy": 1024.0,
    "fx": 910.9192089554826,
    "fy": 1791.1578239124908,
    "k1": 0.0,
    "k2": 0.0,
    "p1": 0.0,
    "p2": 0.0,
    "k3": 0.0,
    "k4": 0.0,
    "k5": 0.0,
    "k6": 0.0,
    "transform_matrix": [
      [
        -0.04706935960682762,
        -0.11753553321586557,
        -0.9919525562333442,
        406.28433044955165
      ],
      [
        -0.9987316876222618,
        -0.012232278587666207,
        0.04884042894716406,
        775.1445291981887
      ],
      [
        -0.017874325872390406,
        0.9929933382416101,
        -0.11681069592460996,
        21.43491124260355
      ],
      [
        0.0,
        0.0,
        0.0,
        1.0
      ]
    ]
  },
  "wayp_28": {
    "cam_id": "wayp_28",
    "file_path": "./images/wayp_28_inpaint_0.png",
    "mask_path": "./mask/wayp_28_GSmask.png",
    "depth_path": "./depth/wayp_28_depth.png",
    "wid": 3072,
    "hei": 2048,
    "cx": 1536.0,
    "cy": 1024.0,
    "fx": 908.8900707478118,
    "fy": 1778.359827968339,
    "k1": 0.0,
    "k2": 0.0,
    "p1": 0.0,
    "p2": 0.0,
    "k3": 0.0,
    "k4": 0.0,
    "k5": 0.0,
    "k6": 0.0,
    "transform_matrix": [
      [
        -0.02617565799787011,
        -0.10919399194951601,
        -0.9936757554909486,
        404.1857719457714
      ],
      [
        -0.9995322606218153,
        -0.012866302956785564,
        0.027743796143780475,
        771.6928272804934
      ],
      [
        -0.01581438916373229,
        0.9939371863303803,
        -0.10880613367372632,
        21.9853714661407
      ],
      [
        0.0,
        0.0,
        0.0,
        1.0
      ]
    ]
  },
  "wayp_29": {
    "cam_id": "wayp_29",
    "file_path": "./images/wayp_29_inpaint_0.png",
    "mask_path": "./mask/wayp_29_GSmask.png",
    "depth_path": "./depth/wayp_29_depth.png",
    "wid": 3072,
    "hei": 2048,
    "cx": 1536.0,
    "cy": 1024.0,
    "fx": 906.5144733978211,
    "fy": 1763.7199173324757,
    "k1": 0.0,
    "k2": 0.0,
    "p1": 0.0,
    "p2": 0.0,
    "k3": 0.0,
    "k4": 0.0,
    "k5": 0.0,
    "k6": 0.0,
    "transform_matrix": [
      [
        -0.005253712084766493,
        -0.10083357016516908,
        -0.9948894358857556,
        401.95831739347256
      ],
      [
        -0.9998892622666391,
        -0.013322942489111533,
        0.006630415319475114,
        768.135912302014
      ],
      [
        -0.01392342318567108,
        0.9948140983777713,
        -0.1007524091802027,
        22.56804733727811
      ],
      [
        0.0,
        0.0,
        0.0,
        1.0
      ]
    ]
  },
  "wayp_30": {
    "cam_id": "wayp_30",
    "file_path": "./images/wayp_30_inpaint_0.png",
    "mask_path": "./mask/wayp_30_GSmask.png",
    "depth_path": "./depth/wayp_30_depth.png",
    "wid": 3072,
    "hei": 2048,
    "cx": 1536.0,
    "cy": 1024.0,
    "fx": 903.7924169055104,
    "fy": 1747.2380920049002,
    "k1": 0.0,
    "k2": 0.0,
    "p1": 0.0,
    "p2": 0.0,
    "k3": 0.0,
    "k4": 0.0,
    "k5": 0.0,
    "k6": 0.0,
    "transform_matrix": [
      [
        0.015685761749451188,
        -0.0924585501357324,
        -0.9955929757612485,
        399.60196679269467
      ],
      [
        -0.9998025096977194,
        -0.013601963290332975,
        -0.014488899088273,
        764.4737842627542
      ],
      [
        -0.012202396505653246,
        0.9956236252226274,
        -0.09265364762421455,
        23.182938856015777
      ],
      [
        0.0,
        0.0,
        0.0,
        1.0
      ]
    ]
  },
  "wayp_31": {
    "cam_id": "wayp_31",
    "file_path": "./images/wayp_31_inpaint_0.png",
    "mask_path": "./mask/wayp_31_GSmask.png",
    "depth_path": "./depth/wayp_31_depth.png",
    "wid": 3072,
    "hei": 2048,
    "cx": 1536.0,
    "cy": 1024.0,
    "fx": 900.7239012708795,
    "fy": 1728.914351985613,
    "k1": 0.0,
    "k2": 0.0,
    "p1": 0.0,
    "p2": 0.0,
    "k3": 0.0,
    "k4": 0.0,
    "k5": 0.0,
    "k6": 0.0,
    "transform_matrix": [
      [
        0.036632038143812384,
        -0.08407322161144759,
        -0.9957860147588451,
        397.1167201434379
      ],
      [
        -0.9992720473503963,
        -0.01370322244383021,
        -0.03560332960275603,
        760.7064431627105
      ],
      [
        -0.010652190646897652,
        0.9963653522190179,
        -0.08451399725427039,
        23.830046022353713
      ],
      [
        0.0,
        0.0,
        0.0,
        1.0
      ]
    ]
  },
  "wayp_32": {
    "cam_id": "wayp_32",
    "file_path": "./images/wayp_32_inpaint_0.png",
    "mask_path": "./mask/wayp_32_GSmask.png",
    "depth_path": "./depth/wayp_32_depth.png",
    "wid": 3072,
    "hei": 2048,
    "cx": 1536.0,
    "cy": 1024.0,
    "fx": 897.3089264939288,
    "fy": 1708.7486972746137,
    "k1": 0.0,
    "k2": 0.0,
    "p1": 0.0,
    "p2": 0.0,
    "k3": 0.0,
    "k4": 0.0,
    "k5": 0.0,
    "k6": 0.0,
    "transform_matrix": [
      [
        0.05757438825302372,
        -0.07568187962264789,
        -0.9954684540024729,
        394.5025774456756
      ],
      [
        -0.9982981469315995,
        -0.013626668083879273,
        -0.05670206124883581,
        756.8338890018827
      ],
      [
        -0.009273599636873686,
        0.9970388994486199,
        -0.07633762726244611,
        24.509368836291912
      ],
      [
        0.0,
        0.0,
        0.0,
        1.0
      ]
    ]
  },
  "wayp_33": {
    "cam_id": "wayp_33",
    "file_path": "./images/wayp_33_inpaint_0.png",
    "mask_path": "./mask/wayp_33_GSmask.png",
    "depth_path": "./depth/wayp_33_depth.png",
    "wid": 3072,
    "hei": 2048,
    "cx": 1536.0,
    "cy": 1024.0,
    "fx": 893.5474925746579,
    "fy": 1686.7411278719028,
    "k1": 0.0,
    "k2": 0.0,
    "p1": 0.0,
    "p2": 0.0,
    "k3": 0.0,
    "k4": 0.0,
    "k5": 0.0,
    "k6": 0.0,
    "transform_matrix": [
      [
        0.07850208524286448,
        -0.06728882227980948,
        -0.9946404561492149,
        391.7595386994213
      ],
      [
        -0.99688130728068,
        -0.013372339422217272,
        -0.07777428709245482,
        752.8561217802743
      ],
      [
        -0.008067329600593198,
        0.997643921915316,
        -0.06812872564889316,
        25.220907297830372
      ],
      [
        0.0,
        0.0,
        0.0,
        1.0
      ]
    ]
  },
  "wayp_34": {
    "cam_id": "wayp_34",
    "file_path": "./images/wayp_34_inpaint_0.png",
    "mask_path": "./mask/wayp_34_GSmask.png",
    "depth_path": "./depth/wayp_34_depth.png",
    "wid": 3072,
    "hei": 2048,
    "cx": 1536.0,
    "cy": 1024.0,
    "fx": 889.439599513067,
    "fy": 1662.8916437774799,
    "k1": 0.0,
    "k2": 0.0,
    "p1": 0.0,
    "p2": 0.0,
    "k3": 0.0,
    "k4": 0.0,
    "k5": 0.0,
    "k6": 0.0,
    "transform_matrix": [
      [
        0.09940440978455575,
        -0.058898348572025805,
        -0.9933024453059964,
        388.8876039046615
      ],
      [
        -0.9950222541139007,
        -0.01294036672795812,
        -0.09880921377603386,
        748.7731414978854
      ],
      [
        -0.007033998398928487,
        0.9981801097219047,
        -0.059891497076711764,
        25.964661406969103
      ],
      [
        0.0,
        0.0,
        0.0,
        1.0
      ]
    ]
  },
  "wayp_35": {
    "cam_id": "wayp_35",
    "file_path": "./images/wayp_35_inpaint_0.png",
    "mask_path": "./mask/wayp_35_GSmask.png",
    "depth_path": "./depth/wayp_35_depth.png",
    "wid": 3072,
    "hei": 2048,
    "cx": 1536.0,
    "cy": 1024.0,
    "fx": 884.9852473091562,
    "fy": 1637.2002449913452,
    "k1": 0.0,
    "k2": 0.0,
    "p1": 0.0,
    "p2": 0.0,
    "k3": 0.0,
    "k4": 0.0,
    "k5": 0.0,
    "k6": 0.0,
    "transform_matrix": [
      [
        0.12027065554528332,
        -0.0505147561650337,
        -0.9914551068123536,
        385.886773061436
      ],
      [
        -0.9927219396527185,
        -0.012330971260867685,
        -0.11979606704691292,
        744.5849481547126
      ],
      [
        -0.006174135312138784,
        0.9986471882288315,
        -0.05163016071829096,
        26.740631163708084
      ],
      [
        0.0,
        0.0,
        0.0,
        1.0
      ]
    ]
  },
  "wayp_36": {
    "cam_id": "wayp_36",
    "file_path": "./images/wayp_36_inpaint_0.png",
    "mask_path": "./mask/wayp_36_GSmask.png",
    "depth_path": "./depth/wayp_36_depth.png",
    "wid": 3072,
    "hei": 2048,
    "cx": 1536.0,
    "cy": 1024.0,
    "fx": 880.1844359629252,
    "fy": 1609.6669315134986,
    "k1": 0.0,
    "k2": 0.0,
    "p1": 0.0,
    "p2": 0.0,
    "k3": 0.0,
    "k4": 0.0,
    "k5": 0.0,
    "k6": 0.0,
    "transform_matrix": [
      [
        0.14109013467206485,
        -0.04214233919991245,
        -0.9890993868893958,
        382.7570461697051
      ],
      [
        -0.9899815421360483,
        -0.011544465158032424,
        -0.140724097276007,
        740.2915417507556
      ],
      [
        -0.0054881807687688355,
        0.9990449181948603,
        -0.043348948094213524,
        27.54881656804734
      ],
      [
        0.0,
        0.0,
        0.0,
        1.0
      ]
    ]
  },
  "wayp_37": {
    "cam_id": "wayp_37",
    "file_path": "./images/wayp_37_inpaint_0.png",
    "mask_path": "./mask/wayp_37_GSmask.png",
    "depth_path": "./depth/wayp_37_depth.png",
    "wid": 3072,
    "hei": 2048,
    "cx": 1536.0,
    "cy": 1024.0,
    "fx": 875.0371654743744,
    "fy": 1580.2917033439403,
    "k1": 0.0,
    "k2": 0.0,
    "p1": 0.0,
    "p2": 0.0,
    "k3": 0.0,
    "k4": 0.0,
    "k5": 0.0,
    "k6": 0.0,
    "transform_matrix": [
      [
        0.16185218326615045,
        -0.033785386093594605,
        -0.9862364921551459,
        379.49842322948194
      ],
      [
        -0.9868024652167613,
        -0.01058125127398113,
        -0.16158258496384925,
        735.8929222860183
      ],
      [
        -0.004976486120058576,
        0.9993730958996163,
        -0.03505210090584082,
        28.389217619986848
      ],
      [
        0.0,
        0.0,
        0.0,
        1.0
      ]
    ]
  },
  "wayp_38": {
    "cam_id": "wayp_38",
    "file_path": "./images/wayp_38_inpaint_0.png",
    "mask_path": "./mask/wayp_38_GSmask.png",
    "depth_path": "./depth/wayp_38_depth.png",
    "wid": 3072,
    "hei": 2048,
    "cx": 1536.0,
    "cy": 1024.0,
    "fx": 869.5434358435034,
    "fy": 1549.0745604826698,
    "k1": 0.0,
    "k2": 0.0,
    "p1": 0.0,
    "p2": 0.0,
    "k3": 0.0,
    "k4": 0.0,
    "k5": 0.0,
    "k6": 0.0,
    "transform_matrix": [
      [
        0.18254616684515484,
        -0.025448177342303646,
        -0.982867889006501,
        376.1109042407668
      ],
      [
        -0.9831863372427228,
        -0.009441822974337988,
        -0.18236084623120247,
        731.3890897604986
      ],
      [
        -0.00463931345997648,
        0.9996315532479334,
        -0.026743868862678766,
        29.261834319526624
      ],
      [
        0.0,
        0.0,
        0.0,
        1.0
      ]
    ]
  },
  "wayp_39": {
    "cam_id": "wayp_39",
    "file_path": "./images/wayp_39_inpaint_0.png",
    "mask_path": "./mask/wayp_39_GSmask.png",
    "depth_path": "./depth/wayp_39_depth.png",
    "wid": 3072,
    "hei": 2048,
    "cx": 1536.0,
    "cy": 1024.0,
    "fx": 863.7032470703125,
    "fy": 1516.0155029296875,
    "k1": 0.0,
    "k2": 0.0,
    "p1": 0.0,
    "p2": 0.0,
    "k3": 0.0,
    "k4": 0.0,
    "k5": 0.0,
    "k6": 0.0,
    "transform_matrix": [
      [
        0.2031614857901215,
        -0.017134983329052222,
        -0.9789953028681311,
        372.5944892035593
      ],
      [
        -0.979135010422739,
        -0.00812676388312017,
        -0.20304823829142427,
        726.780044174195
      ],
      [
        -0.00447683549097605,
        0.9998201578559522,
        -0.01842850750564512,
        30.166666666666668
      ],
      [
        0.0,
        0.0,
        0.0,
        1.0
      ]
    ]
  }
}